483 432 158 30 0 0 0 0 0 
442 444 174 34 3 0 0 0 0 
454 544 129 14 0 0 0 0 0 
450 472 166 2 0 0 0 0 0 
460 407 196 19 0 0 0 0 0 
363 593 245 16 0 0 0 0 0 
449 471 123 7 1 0 0 0 0 
421 535 122 25 0 0 0 0 0 
368 432 209 13 3 0 0 0 0 
390 388 119 16 1 0 0 0 0 
334 332 194 13 1 0 0 0 0 
365 265 107 10 0 0 0 0 0 
311 262 128 1 0 0 0 0 0 
287 253 89 6 0 0 0 0 0 
272 158 54 5 0 0 0 0 0 
228 154 64 2 0 0 0 0 0 
213 102 36 1 0 0 0 0 0 
190 85 26 1 0 0 0 0 0 
158 88 15 2 1 0 0 0 0 
132 73 22 1 0 0 0 0 0 
116 50 15 0 0 0 0 0 0 
106 46 1 0 0 0 0 0 0 
81 67 5 0 0 0 0 0 0 
77 49 8 0 0 0 0 0 0 
75 50 6 0 0 0 0 0 0 
48 52 4 0 0 0 0 0 0 
56 10 0 0 0 0 0 0 0 
48 14 4 0 0 0 0 0 0 
27 15 5 0 0 0 0 0 0 
25 16 0 0 0 0 0 0 0 
19 5 0 0 0 0 0 0 0 
14 11 1 0 0 0 0 0 0 
24 0 0 0 0 0 0 0 0 
11 12 0 0 0 0 0 0 0 
19 3 0 0 0 0 0 0 0 
11 8 0 0 0 0 0 0 0 
18 0 0 0 0 0 0 0 0 
13 5 0 0 0 0 0 0 0 
11 6 0 0 0 0 0 0 0 
10 0 0 0 0 0 0 0 0 
8 0 0 0 0 0 0 0 0 
9 0 0 0 0 0 0 0 0 
10 1 0 0 0 0 0 0 0 
13 0 0 0 0 0 0 0 0 
11 0 0 0 0 0 0 0 0 
7 1 0 0 0 0 0 0 0 
12 1 0 0 0 0 0 0 0 
9 1 0 0 0 0 0 0 0 
13 1 0 0 0 0 0 0 0 
11 0 0 0 0 0 0 0 0 
8 1 0 0 0 0 0 0 0 
5 1 0 0 0 0 0 0 0 
7 2 0 0 0 0 0 0 0 
7 1 0 0 0 0 0 0 0 
5 1 0 0 0 0 0 0 0 
7 1 0 0 0 0 0 0 0 
10 2 0 0 0 0 0 0 0 
6 3 0 0 0 0 0 0 0 
11 0 0 0 0 0 0 0 0 
10 1 0 0 0 0 0 0 0 
8 0 0 0 0 0 0 0 0 
12 0 0 0 0 0 0 0 0 
2 0 0 0 0 0 0 0 0 
7 0 0 0 0 0 0 0 0 
3 0 0 0 0 0 0 0 0 
5 0 0 0 0 0 0 0 0 
5 0 0 0 0 0 0 0 0 
3 0 0 0 0 0 0 0 0 
4 0 0 0 0 0 0 0 0 
2 0 0 0 0 0 0 0 0 
5 0 0 0 0 0 0 0 0 
5 0 0 0 0 0 0 0 0 
5 0 0 0 0 0 0 0 0 
4 0 0 0 0 0 0 0 0 
4 0 0 0 0 0 0 0 0 
4 0 0 0 0 0 0 0 0 
1 0 0 0 0 0 0 0 0 
3 0 0 0 0 0 0 0 0 
4 0 0 0 0 0 0 0 0 
6 0 0 0 0 0 0 0 0 
7 0 0 0 0 0 0 0 0 
9 0 0 0 0 0 0 0 0 
2 0 0 0 0 0 0 0 0 
3 0 0 0 0 0 0 0 0 
5 0 0 0 0 0 0 0 0 
7 0 0 0 0 0 0 0 0 
4 0 0 0 0 0 0 0 0 
7 0 0 0 0 0 0 0 0 
3 0 0 0 0 0 0 0 0 
2 0 0 0 0 0 0 0 0 
5 0 0 0 0 0 0 0 0 
5 0 0 0 0 0 0 0 0 
4 0 0 0 0 0 0 0 0 
7 0 0 0 0 0 0 0 0 
4 2 0 0 0 0 0 0 0 
2 0 0 0 0 0 0 0 0 
4 0 0 0 0 0 0 0 0 
2 0 0 0 0 0 0 0 0 
5 0 0 0 0 0 0 0 0 
2 0 0 0 0 0 0 0 0 
5 0 0 0 0 0 0 0 0 
