8 0 0 0 0 0 0 0 0 
7 1 0 0 0 0 0 0 0 
6 3 0 0 0 0 0 0 0 
7 0 0 0 0 0 0 0 0 
6 3 0 0 0 0 0 0 0 
6 0 1 0 0 0 0 0 0 
3 11 0 0 0 0 0 0 0 
4 7 0 0 0 0 0 0 0 
3 8 1 0 0 0 0 0 0 
1 12 6 0 0 0 0 0 0 
1 17 0 0 0 0 0 0 0 
1 12 5 0 0 0 0 0 0 
2 7 4 0 0 0 0 0 0 
2 6 2 1 0 0 0 0 0 
2 7 3 1 0 0 0 0 0 
1 10 7 0 0 0 0 0 0 
1 4 9 0 0 0 0 0 0 
5 3 0 0 0 0 0 0 0 
7 0 0 0 0 0 0 0 0 
5 2 1 0 0 0 0 0 0 
0 2 23 9 0 0 0 0 0 
0 15 7 0 0 0 0 0 0 
0 3 19 3 0 0 0 0 0 
0 12 3 0 0 0 0 0 0 
0 9 2 2 0 0 0 0 0 
0 9 0 0 0 0 0 0 0 
0 13 1 0 0 0 0 0 0 
0 6 15 0 0 0 0 0 0 
0 13 5 0 0 0 0 0 0 
1 11 1 0 0 0 0 0 0 
0 9 5 0 0 0 0 0 0 
0 11 2 0 0 0 0 0 0 
0 1 9 0 0 0 0 0 0 
0 2 1 0 0 0 0 0 0 
0 0 0 0 0 0 0 0 0 
0 0 0 0 0 0 0 0 0 
0 0 0 0 0 0 0 0 0 
0 0 0 0 0 0 0 0 0 
0 0 0 0 0 0 0 0 0 
0 0 0 1 0 0 0 0 0 
0 0 0 0 0 0 0 0 0 
0 0 0 0 0 0 0 0 0 
0 0 0 0 0 0 0 0 0 
0 2 0 0 0 0 0 0 0 
0 1 1 0 0 0 0 0 0 
0 2 0 0 0 0 0 0 0 
0 0 0 0 0 0 0 0 0 
0 0 0 0 0 0 0 0 0 
0 0 0 0 0 0 0 0 0 
0 0 0 0 0 0 0 0 0 
0 0 0 0 0 0 0 0 0 
0 0 0 0 0 0 0 0 0 
0 0 0 0 0 0 0 0 0 
0 0 0 0 0 0 0 0 0 
1 0 0 0 0 0 0 0 0 
0 0 0 0 0 0 0 0 0 
0 0 0 0 0 0 0 0 0 
0 0 0 0 0 0 0 0 0 
0 0 0 0 0 0 0 0 0 
0 0 0 0 0 0 0 0 0 
0 0 0 0 0 0 0 0 0 
0 0 0 0 0 0 0 0 0 
0 0 0 0 0 0 0 0 0 
0 0 0 0 0 0 0 0 0 
0 0 0 0 0 0 0 0 0 
0 0 0 0 0 0 0 0 0 
0 0 0 0 0 0 0 0 0 
0 0 0 0 0 0 0 0 0 
0 0 0 0 0 0 0 0 0 
0 0 0 0 0 0 0 0 0 
0 0 0 0 0 0 0 0 0 
0 0 0 0 0 0 0 0 0 
0 0 0 0 0 0 0 0 0 
0 0 0 0 0 0 0 0 0 
0 0 0 0 0 0 0 0 0 
0 0 0 0 0 0 0 0 0 
0 0 0 0 0 0 0 0 0 
0 0 0 0 0 0 0 0 0 
0 0 0 0 0 0 0 0 0 
0 0 0 0 0 0 0 0 0 
0 0 0 0 0 0 0 0 0 
0 0 0 0 0 0 0 0 0 
0 0 0 0 0 0 0 0 0 
0 0 0 0 0 0 0 0 0 
0 0 0 0 0 0 0 0 0 
0 0 0 0 0 0 0 0 0 
0 0 0 0 0 0 0 0 0 
0 0 0 0 0 0 0 0 0 
0 0 0 0 0 0 0 0 0 
0 0 0 0 0 0 0 0 0 
0 0 0 0 0 0 0 0 0 
0 0 0 0 0 0 0 0 0 
1 0 0 0 0 0 0 0 0 
0 0 0 0 0 0 0 0 0 
0 0 0 0 0 0 0 0 0 
0 0 0 0 0 0 0 0 0 
0 0 0 0 0 0 0 0 0 
0 0 0 0 0 0 0 0 0 
0 0 0 0 0 0 0 0 0 
0 0 0 0 0 0 0 0 0 
0 0 0 0 0 0 0 0 0 
