476 543 169 23 0 0 0 0 0 
442 545 224 25 0 0 0 0 0 
508 424 184 5 0 0 0 0 0 
451 442 321 14 2 0 0 0 0 
447 415 183 10 0 0 0 0 0 
399 482 212 9 0 0 0 0 0 
423 479 202 11 2 0 0 0 0 
376 443 200 8 1 0 0 0 0 
366 475 160 3 0 0 0 0 0 
382 411 147 2 0 0 0 0 0 
340 384 88 7 0 0 0 0 0 
299 401 117 6 0 0 0 0 0 
314 269 99 3 0 0 0 0 0 
303 209 83 3 0 0 0 0 0 
263 189 59 1 0 0 0 0 0 
259 155 49 3 0 0 0 0 0 
224 143 23 3 0 0 0 0 0 
222 75 19 0 0 0 0 0 0 
204 68 18 1 0 0 0 0 0 
174 97 13 0 0 0 0 0 0 
173 52 12 2 0 0 0 0 0 
158 48 23 1 0 0 0 0 0 
149 50 16 1 0 0 0 0 0 
110 41 10 0 0 0 0 0 0 
123 28 1 0 0 0 0 0 0 
85 21 3 0 0 0 0 0 0 
78 30 1 0 0 0 0 0 0 
59 23 1 0 0 0 0 0 0 
45 11 2 0 0 0 0 0 0 
29 7 1 0 0 0 0 0 0 
26 15 0 0 0 0 0 0 0 
23 1 1 0 0 0 0 0 0 
21 4 0 0 0 0 0 0 0 
16 1 0 0 0 0 0 0 0 
3 1 0 0 0 0 0 0 0 
5 0 0 0 0 0 0 0 0 
7 0 0 0 0 0 0 0 0 
3 0 0 0 0 0 0 0 0 
4 0 0 0 0 0 0 0 0 
4 0 0 0 0 0 0 0 0 
3 2 0 0 0 0 0 0 0 
5 0 0 0 0 0 0 0 0 
2 0 0 0 0 0 0 0 0 
8 0 0 0 0 0 0 0 0 
4 0 0 0 0 0 0 0 0 
3 0 0 0 0 0 0 0 0 
4 0 0 0 0 0 0 0 0 
2 0 0 0 0 0 0 0 0 
3 0 0 0 0 0 0 0 0 
4 0 0 0 0 0 0 0 0 
4 0 0 0 0 0 0 0 0 
5 0 0 0 0 0 0 0 0 
6 0 0 0 0 0 0 0 0 
5 0 0 0 0 0 0 0 0 
9 0 0 0 0 0 0 0 0 
11 0 0 0 0 0 0 0 0 
8 0 0 0 0 0 0 0 0 
6 0 0 0 0 0 0 0 0 
8 0 0 0 0 0 0 0 0 
6 1 0 0 0 0 0 0 0 
6 0 0 0 0 0 0 0 0 
4 0 0 0 0 0 0 0 0 
4 0 0 0 0 0 0 0 0 
7 0 0 0 0 0 0 0 0 
15 0 0 0 0 0 0 0 0 
16 0 0 0 0 0 0 0 0 
8 0 0 0 0 0 0 0 0 
8 0 0 0 0 0 0 0 0 
9 0 0 0 0 0 0 0 0 
9 0 0 0 0 0 0 0 0 
13 1 0 0 0 0 0 0 0 
4 0 0 0 0 0 0 0 0 
8 0 0 0 0 0 0 0 0 
10 0 0 0 0 0 0 0 0 
5 0 0 0 0 0 0 0 0 
5 0 0 0 0 0 0 0 0 
8 0 0 0 0 0 0 0 0 
8 0 0 0 0 0 0 0 0 
9 0 0 0 0 0 0 0 0 
5 0 0 0 0 0 0 0 0 
2 0 0 0 0 0 0 0 0 
3 0 0 0 0 0 0 0 0 
0 0 0 0 0 0 0 0 0 
8 0 0 0 0 0 0 0 0 
4 0 0 0 0 0 0 0 0 
6 0 0 0 0 0 0 0 0 
2 0 0 0 0 0 0 0 0 
2 0 0 0 0 0 0 0 0 
9 0 0 0 0 0 0 0 0 
3 0 0 0 0 0 0 0 0 
2 0 0 0 0 0 0 0 0 
2 0 0 0 0 0 0 0 0 
5 0 0 0 0 0 0 0 0 
3 0 0 0 0 0 0 0 0 
4 0 0 0 0 0 0 0 0 
9 0 0 0 0 0 0 0 0 
3 0 0 0 0 0 0 0 0 
10 0 0 0 0 0 0 0 0 
6 0 0 0 0 0 0 0 0 
5 0 0 0 0 0 0 0 0 
3 0 0 0 0 0 0 0 0 
