449 529 213 23 0 0 0 0 0 
481 500 148 4 0 0 0 0 0 
434 549 244 18 0 0 0 0 0 
435 525 169 8 0 0 0 0 0 
426 474 273 21 2 0 0 0 0 
456 418 184 17 0 0 0 0 0 
384 438 188 9 0 0 0 0 0 
407 351 194 13 0 0 0 0 0 
335 408 198 4 0 0 0 0 0 
318 323 159 24 0 0 0 0 0 
301 319 123 13 0 0 0 0 0 
318 256 103 8 0 0 0 0 0 
264 215 107 5 1 0 0 0 0 
269 244 78 6 0 0 0 0 0 
276 199 37 0 0 0 0 0 0 
246 117 44 1 0 0 0 0 0 
198 134 52 1 0 0 0 0 0 
194 74 20 2 0 0 0 0 0 
166 64 12 2 0 0 0 0 0 
150 41 5 0 0 0 0 0 0 
125 37 16 0 0 0 0 0 0 
83 32 3 0 2 1 0 0 0 
81 15 0 0 0 0 0 0 0 
71 9 7 0 0 0 0 0 0 
56 3 3 1 0 0 0 0 0 
53 20 1 0 0 0 0 0 0 
51 1 4 0 0 0 0 0 0 
40 13 1 0 0 0 0 0 0 
30 6 0 0 0 0 0 0 0 
21 4 0 0 0 0 0 0 0 
27 2 0 0 0 0 0 0 0 
24 3 3 0 0 0 0 0 0 
20 5 0 0 0 0 0 0 0 
19 0 0 0 0 0 0 0 0 
14 1 0 0 0 0 0 0 0 
18 0 0 0 0 0 0 0 0 
10 0 0 0 0 0 0 0 0 
10 0 0 0 0 0 0 0 0 
10 1 0 0 0 0 0 0 0 
7 0 0 0 0 0 0 0 0 
9 3 0 0 0 0 0 0 0 
10 0 0 0 0 0 0 0 0 
3 0 0 0 0 0 0 0 0 
6 0 0 0 0 0 0 0 0 
4 0 0 0 0 0 0 0 0 
6 0 0 0 0 0 0 0 0 
14 0 0 0 0 0 0 0 0 
4 0 0 0 0 0 0 0 0 
3 0 0 0 0 0 0 0 0 
6 0 0 0 0 0 0 0 0 
7 0 0 0 0 0 0 0 0 
6 1 0 0 0 0 0 0 0 
1 0 0 0 0 0 0 0 0 
8 0 0 0 0 0 0 0 0 
1 0 0 0 0 0 0 0 0 
3 0 0 0 0 0 0 0 0 
4 0 0 0 0 0 0 0 0 
7 0 0 0 0 0 0 0 0 
5 0 0 0 0 0 0 0 0 
1 0 0 0 0 0 0 0 0 
8 0 0 0 0 0 0 0 0 
7 0 0 0 0 0 0 0 0 
3 0 0 0 0 0 0 0 0 
2 0 0 0 0 0 0 0 0 
3 0 0 0 0 0 0 0 0 
4 0 0 0 0 0 0 0 0 
9 0 0 0 0 0 0 0 0 
5 1 0 0 0 0 0 0 0 
0 0 0 0 0 0 0 0 0 
3 0 0 0 0 0 0 0 0 
7 0 0 0 0 0 0 0 0 
9 0 0 0 0 0 0 0 0 
6 0 0 0 0 0 0 0 0 
2 0 0 0 0 0 0 0 0 
4 0 0 0 0 0 0 0 0 
5 0 0 0 0 0 0 0 0 
2 0 0 0 0 0 0 0 0 
6 0 0 0 0 0 0 0 0 
5 0 0 0 0 0 0 0 0 
2 0 0 0 0 0 0 0 0 
5 0 0 0 0 0 0 0 0 
8 0 0 0 0 0 0 0 0 
1 0 0 0 0 0 0 0 0 
0 1 0 0 0 0 0 0 0 
4 0 0 0 0 0 0 0 0 
5 0 0 0 0 0 0 0 0 
6 0 0 0 0 0 0 0 0 
4 0 0 0 0 0 0 0 0 
4 0 0 0 0 0 0 0 0 
9 0 0 0 0 0 0 0 0 
5 0 0 0 0 0 0 0 0 
8 0 0 0 0 0 0 0 0 
5 0 0 0 0 0 0 0 0 
5 0 0 0 0 0 0 0 0 
4 0 0 0 0 0 0 0 0 
4 0 0 0 0 0 0 0 0 
6 0 0 0 0 0 0 0 0 
1 0 0 0 0 0 0 0 0 
6 0 0 0 0 0 0 0 0 
2 0 0 0 0 0 0 0 0 
5 0 0 0 0 0 0 0 0 
