385 656 352 33 0 0 0 0 0 
453 556 317 8 0 0 0 0 0 
419 524 200 37 0 0 0 0 0 
401 539 284 19 0 0 0 0 0 
377 583 213 14 0 0 0 0 0 
378 508 209 12 0 0 0 0 0 
393 422 179 8 0 0 0 0 0 
395 411 150 6 0 0 0 0 0 
374 420 115 12 0 0 0 0 0 
338 395 199 14 4 0 0 0 0 
339 345 155 12 0 0 0 0 0 
298 371 96 14 0 0 0 0 0 
304 275 66 2 0 0 0 0 0 
251 278 90 11 0 0 0 0 0 
196 196 99 11 0 0 0 0 0 
191 151 55 12 3 0 0 0 0 
200 75 36 5 0 0 0 0 0 
176 87 43 6 0 0 0 0 0 
143 65 31 1 2 0 0 0 0 
133 45 20 1 0 0 0 0 0 
107 55 9 0 0 0 0 0 0 
80 28 8 0 0 0 0 0 0 
78 14 5 1 0 0 0 0 0 
53 29 12 1 0 0 0 0 0 
64 10 3 1 0 0 0 0 0 
57 5 0 0 0 0 0 0 0 
27 8 0 0 0 0 0 0 0 
25 5 0 0 0 0 0 0 0 
26 5 6 0 0 0 0 0 0 
19 7 0 0 0 0 0 0 0 
21 2 9 0 0 0 0 0 0 
16 1 6 0 0 0 0 0 0 
24 6 1 0 0 0 0 0 0 
22 2 2 0 0 0 0 0 0 
16 0 2 0 0 0 0 0 0 
20 0 0 0 0 0 0 0 0 
19 0 0 0 0 0 0 0 0 
14 0 0 0 0 0 0 0 0 
8 0 0 0 0 0 0 0 0 
10 0 0 0 0 0 0 0 0 
3 2 0 0 0 0 0 0 0 
10 0 0 0 0 0 0 0 0 
14 0 0 0 0 0 0 0 0 
14 0 0 0 0 0 0 0 0 
9 0 0 0 0 0 0 0 0 
11 0 0 0 0 0 0 0 0 
11 0 0 0 0 0 0 0 0 
10 3 0 0 0 0 0 0 0 
19 0 0 0 0 0 0 0 0 
7 0 0 0 0 0 0 0 0 
6 0 0 0 0 0 0 0 0 
6 0 0 0 0 0 0 0 0 
3 0 0 0 0 0 0 0 0 
7 1 0 0 0 0 0 0 0 
5 0 0 0 0 0 0 0 0 
6 0 0 0 0 0 0 0 0 
3 1 0 0 0 0 0 0 0 
2 0 0 0 0 0 0 0 0 
3 0 0 0 0 0 0 0 0 
5 0 0 0 0 0 0 0 0 
3 0 0 0 0 0 0 0 0 
4 0 0 0 0 0 0 0 0 
5 0 0 0 0 0 0 0 0 
4 0 0 0 0 0 0 0 0 
3 0 0 0 0 0 0 0 0 
2 0 0 0 0 0 0 0 0 
2 0 0 0 0 0 0 0 0 
4 0 0 0 0 0 0 0 0 
4 0 0 0 0 0 0 0 0 
4 0 0 0 0 0 0 0 0 
0 0 0 0 0 0 0 0 0 
7 0 0 0 0 0 0 0 0 
2 0 0 0 0 0 0 0 0 
3 0 0 0 0 0 0 0 0 
7 0 0 0 0 0 0 0 0 
7 0 0 0 0 0 0 0 0 
4 0 0 0 0 0 0 0 0 
4 0 0 0 0 0 0 0 0 
2 0 0 0 0 0 0 0 0 
1 0 0 0 0 0 0 0 0 
5 0 0 0 0 0 0 0 0 
4 0 0 0 0 0 0 0 0 
4 0 0 0 0 0 0 0 0 
4 0 0 0 0 0 0 0 0 
5 0 0 0 0 0 0 0 0 
4 0 0 0 0 0 0 0 0 
3 0 0 0 0 0 0 0 0 
9 0 0 0 0 0 0 0 0 
3 0 0 0 0 0 0 0 0 
3 0 0 0 0 0 0 0 0 
8 0 0 0 0 0 0 0 0 
4 0 0 0 0 0 0 0 0 
3 0 0 0 0 0 0 0 0 
4 0 0 0 0 0 0 0 0 
7 0 0 0 0 0 0 0 0 
9 0 0 0 0 0 0 0 0 
8 0 0 0 0 0 0 0 0 
6 0 0 0 0 0 0 0 0 
2 0 0 0 0 0 0 0 0 
3 0 0 0 0 0 0 0 0 
5 0 0 0 0 0 0 0 0 
