473 459 137 20 2 0 0 0 0 
432 530 203 32 0 0 0 0 0 
426 609 188 12 1 0 0 0 0 
386 614 194 12 0 0 0 0 0 
421 522 197 4 2 0 0 0 0 
386 547 229 10 0 0 0 0 0 
415 449 143 19 2 0 0 0 0 
383 397 212 19 0 0 0 0 0 
395 376 202 23 2 0 0 0 0 
357 367 162 13 0 0 0 0 0 
353 375 176 10 0 0 0 0 0 
263 404 150 12 0 0 0 0 0 
265 292 157 7 2 0 0 0 0 
264 254 93 9 1 0 0 0 0 
277 152 39 5 0 0 0 0 0 
257 136 53 0 0 0 0 0 0 
229 114 42 2 0 0 0 0 0 
208 94 32 3 0 0 0 0 0 
180 109 34 1 0 0 0 0 0 
157 67 25 0 0 0 0 0 0 
138 50 21 2 0 0 0 0 0 
127 47 9 1 0 0 0 0 0 
121 49 8 1 0 0 0 0 0 
97 38 3 0 0 0 0 0 0 
76 25 0 0 0 0 0 0 0 
66 26 1 2 0 0 0 0 0 
41 22 0 0 0 0 0 0 0 
33 11 0 0 0 0 0 0 0 
32 10 2 0 0 0 0 0 0 
35 3 0 0 0 0 0 0 0 
26 3 1 0 0 0 0 0 0 
31 3 0 0 0 0 0 0 0 
26 5 0 0 0 0 0 0 0 
22 2 1 0 0 0 0 0 0 
24 2 0 0 0 0 0 0 0 
19 2 2 0 0 0 0 0 0 
15 3 0 0 0 0 0 0 0 
21 4 0 0 0 0 0 0 0 
16 0 0 0 0 0 0 0 0 
16 0 0 0 0 0 0 0 0 
9 0 0 0 0 0 0 0 0 
13 0 0 0 0 0 0 0 0 
9 0 0 0 0 0 0 0 0 
13 0 0 0 0 0 0 0 0 
15 0 0 0 0 0 0 0 0 
10 0 0 0 0 0 0 0 0 
16 0 0 0 0 0 0 0 0 
11 0 0 0 0 0 0 0 0 
12 0 0 0 0 0 0 0 0 
11 0 0 0 0 0 0 0 0 
13 1 0 0 0 0 0 0 0 
13 0 0 0 0 0 0 0 0 
13 0 0 0 0 0 0 0 0 
8 0 0 0 0 0 0 0 0 
10 0 0 0 0 0 0 0 0 
13 0 0 0 0 0 0 0 0 
13 0 0 0 0 0 0 0 0 
11 0 0 0 0 0 0 0 0 
6 0 0 0 0 0 0 0 0 
12 0 0 0 0 0 0 0 0 
13 0 0 0 0 0 0 0 0 
14 0 0 0 0 0 0 0 0 
10 0 0 0 0 0 0 0 0 
13 0 0 0 0 0 0 0 0 
11 1 0 0 0 0 0 0 0 
11 0 0 0 0 0 0 0 0 
9 0 0 0 0 0 0 0 0 
13 0 0 0 0 0 0 0 0 
8 2 0 0 0 0 0 0 0 
7 0 0 0 0 0 0 0 0 
6 1 0 0 0 0 0 0 0 
10 1 0 0 0 0 0 0 0 
4 0 0 0 0 0 0 0 0 
4 0 0 0 0 0 0 0 0 
6 0 0 0 0 0 0 0 0 
5 0 0 0 0 0 0 0 0 
7 0 0 0 0 0 0 0 0 
3 0 0 0 0 0 0 0 0 
5 0 0 0 0 0 0 0 0 
3 0 0 0 0 0 0 0 0 
3 0 0 0 0 0 0 0 0 
3 0 0 0 0 0 0 0 0 
5 0 0 0 0 0 0 0 0 
1 0 0 0 0 0 0 0 0 
4 0 0 0 0 0 0 0 0 
8 1 0 0 0 0 0 0 0 
6 0 0 0 0 0 0 0 0 
5 0 0 0 0 0 0 0 0 
1 0 0 0 0 0 0 0 0 
7 0 0 0 0 0 0 0 0 
5 0 0 0 0 0 0 0 0 
2 0 0 0 0 0 0 0 0 
3 0 0 0 0 0 0 0 0 
3 0 0 0 0 0 0 0 0 
6 0 0 0 0 0 0 0 0 
7 0 0 0 0 0 0 0 0 
2 1 0 0 0 0 0 0 0 
2 0 0 0 0 0 0 0 0 
7 0 0 0 0 0 0 0 0 
5 0 0 0 0 0 0 0 0 
2 0 0 0 0 0 0 0 0 
