407 571 239 36 0 0 0 0 0 
446 471 239 13 0 0 0 0 0 
465 447 169 15 1 0 0 0 0 
414 547 182 8 0 0 0 0 0 
415 496 196 7 0 0 0 0 0 
406 511 175 5 1 0 0 0 0 
365 513 143 5 0 0 0 0 0 
389 467 144 4 0 0 0 0 0 
377 446 149 4 0 0 0 0 0 
377 405 168 8 0 0 0 0 0 
326 372 176 22 0 0 0 0 0 
289 332 139 9 0 0 0 0 0 
282 276 105 5 0 0 0 0 0 
248 264 102 18 0 0 0 0 0 
223 239 74 13 2 0 0 0 0 
197 163 65 2 0 0 0 0 0 
197 157 21 0 0 0 0 0 0 
153 125 24 0 0 0 0 0 0 
155 99 23 0 0 0 0 0 0 
111 85 11 0 0 0 0 0 0 
91 71 8 0 0 0 0 0 0 
83 54 6 0 0 0 0 0 0 
62 48 0 0 0 0 0 0 0 
59 18 0 1 0 0 0 0 0 
47 2 0 0 0 0 0 0 0 
22 9 3 0 0 0 0 0 0 
16 9 0 0 0 0 0 0 0 
23 12 0 0 0 0 0 0 0 
25 2 1 0 0 0 0 0 0 
15 7 0 0 0 0 0 0 0 
19 0 0 0 0 0 0 0 0 
13 0 0 0 0 0 0 0 0 
18 2 3 0 0 0 0 0 0 
12 2 0 0 0 0 0 0 0 
16 3 0 0 0 0 0 0 0 
10 2 0 0 0 0 0 0 0 
5 7 0 0 0 0 0 0 0 
8 6 0 0 0 0 0 0 0 
8 0 0 0 0 0 0 0 0 
3 4 2 0 0 0 0 0 0 
5 3 2 0 0 0 0 0 0 
6 0 0 0 0 0 0 0 0 
3 0 0 0 0 0 0 0 0 
6 0 0 0 0 0 0 0 0 
2 0 0 0 0 0 0 0 0 
5 0 0 0 0 0 0 0 0 
5 0 0 0 0 0 0 0 0 
3 0 0 0 0 0 0 0 0 
6 0 0 0 0 0 0 0 0 
3 0 0 0 0 0 0 0 0 
4 0 0 0 0 0 0 0 0 
2 0 0 0 0 0 0 0 0 
5 0 0 0 0 0 0 0 0 
7 0 0 0 0 0 0 0 0 
4 0 0 0 0 0 0 0 0 
5 0 0 0 0 0 0 0 0 
6 0 0 0 0 0 0 0 0 
3 0 0 0 0 0 0 0 0 
7 0 0 0 0 0 0 0 0 
4 0 0 0 0 0 0 0 0 
6 0 0 0 0 0 0 0 0 
2 0 0 0 0 0 0 0 0 
6 0 0 0 0 0 0 0 0 
3 0 0 0 0 0 0 0 0 
3 0 0 0 0 0 0 0 0 
2 0 0 0 0 0 0 0 0 
5 0 0 0 0 0 0 0 0 
13 0 0 0 0 0 0 0 0 
7 0 0 0 0 0 0 0 0 
5 0 0 0 0 0 0 0 0 
5 0 0 0 0 0 0 0 0 
3 0 0 0 0 0 0 0 0 
9 0 0 0 0 0 0 0 0 
8 0 0 0 0 0 0 0 0 
10 0 0 0 0 0 0 0 0 
3 0 0 0 0 0 0 0 0 
9 0 0 0 0 0 0 0 0 
6 0 0 0 0 0 0 0 0 
9 0 0 0 0 0 0 0 0 
9 1 0 0 0 0 0 0 0 
15 1 0 0 0 0 0 0 0 
11 0 0 0 0 0 0 0 0 
7 0 0 0 0 0 0 0 0 
7 0 0 0 0 0 0 0 0 
12 0 0 0 0 0 0 0 0 
10 0 0 0 0 0 0 0 0 
6 0 0 0 0 0 0 0 0 
10 0 0 0 0 0 0 0 0 
9 0 0 0 0 0 0 0 0 
12 0 0 0 0 0 0 0 0 
11 0 0 0 0 0 0 0 0 
6 0 0 0 0 0 0 0 0 
8 0 0 0 0 0 0 0 0 
9 0 0 0 0 0 0 0 0 
14 0 0 0 0 0 0 0 0 
6 0 0 0 0 0 0 0 0 
9 0 0 0 0 0 0 0 0 
6 0 0 0 0 0 0 0 0 
3 0 0 0 0 0 0 0 0 
6 1 0 0 0 0 0 0 0 
14 0 0 0 0 0 0 0 0 
