478 506 121 22 0 0 0 0 0 
431 543 217 24 1 0 0 0 0 
438 531 123 21 0 0 0 0 0 
431 480 153 8 0 0 0 0 0 
429 513 207 6 0 0 0 0 0 
371 498 197 9 0 0 0 0 0 
345 566 233 8 0 0 0 0 0 
356 497 204 10 0 0 0 0 0 
364 427 189 5 0 0 0 0 0 
336 431 156 9 1 0 0 0 0 
338 370 144 4 0 0 0 0 0 
323 375 105 10 0 0 0 0 0 
308 330 77 3 0 0 0 0 0 
238 296 122 8 0 0 0 0 0 
252 212 105 6 0 0 0 0 0 
199 179 58 5 0 0 0 0 0 
172 153 101 4 0 0 0 0 0 
165 111 48 0 0 0 0 0 0 
142 94 31 19 0 0 0 0 0 
118 118 30 3 0 0 0 0 0 
98 60 22 3 0 0 0 0 0 
77 53 12 6 1 0 0 0 0 
81 45 11 0 0 0 0 0 0 
73 21 12 2 0 0 0 0 0 
55 37 24 0 0 0 0 0 0 
44 32 24 10 0 1 0 0 0 
36 23 15 1 0 0 0 0 0 
31 26 18 8 0 0 0 0 0 
30 15 7 4 0 0 0 0 0 
26 7 1 0 0 0 0 0 0 
19 16 0 0 0 0 0 0 0 
20 14 3 0 0 0 0 0 0 
23 6 8 2 0 0 0 0 0 
15 13 2 0 0 0 0 0 0 
15 4 10 0 0 0 0 0 0 
21 11 0 0 0 0 0 0 0 
20 8 0 0 0 0 0 0 0 
15 1 1 0 0 0 0 0 0 
16 4 0 0 0 0 0 0 0 
14 2 0 0 0 0 0 0 0 
5 0 0 0 0 0 0 0 0 
6 0 0 0 0 0 0 0 0 
10 0 0 0 0 0 0 0 0 
4 5 0 0 0 0 0 0 0 
6 0 0 0 0 0 0 0 0 
5 0 0 0 0 0 0 0 0 
3 1 0 0 0 0 0 0 0 
10 0 0 0 0 0 0 0 0 
10 0 0 0 0 0 0 0 0 
2 6 0 0 0 0 0 0 0 
5 5 1 0 0 0 0 0 0 
3 4 0 0 0 0 0 0 0 
7 0 0 0 0 0 0 0 0 
5 4 0 0 0 0 0 0 0 
6 0 0 0 0 0 0 0 0 
4 0 0 0 0 0 0 0 0 
2 1 0 0 0 0 0 0 0 
1 0 0 0 0 0 0 0 0 
2 0 0 0 0 0 0 0 0 
8 0 0 0 0 0 0 0 0 
3 1 0 0 0 0 0 0 0 
4 0 0 0 0 0 0 0 0 
6 0 0 0 0 0 0 0 0 
10 0 0 0 0 0 0 0 0 
5 0 0 0 0 0 0 0 0 
8 0 0 0 0 0 0 0 0 
7 0 0 0 0 0 0 0 0 
9 0 0 0 0 0 0 0 0 
6 0 0 0 0 0 0 0 0 
5 0 0 0 0 0 0 0 0 
5 0 0 0 0 0 0 0 0 
5 0 0 0 0 0 0 0 0 
5 0 0 0 0 0 0 0 0 
6 0 0 0 0 0 0 0 0 
7 0 0 0 0 0 0 0 0 
7 2 0 0 0 0 0 0 0 
3 0 0 0 0 0 0 0 0 
2 0 0 0 0 0 0 0 0 
10 0 0 0 0 0 0 0 0 
7 0 0 0 0 0 0 0 0 
7 0 0 0 0 0 0 0 0 
5 0 0 0 0 0 0 0 0 
4 0 0 0 0 0 0 0 0 
3 0 0 0 0 0 0 0 0 
2 0 0 0 0 0 0 0 0 
3 0 0 0 0 0 0 0 0 
1 0 0 0 0 0 0 0 0 
5 0 0 0 0 0 0 0 0 
8 0 0 0 0 0 0 0 0 
7 0 0 0 0 0 0 0 0 
9 0 0 0 0 0 0 0 0 
3 0 0 0 0 0 0 0 0 
3 0 0 0 0 0 0 0 0 
4 1 0 0 0 0 0 0 0 
3 0 0 0 0 0 0 0 0 
4 0 0 0 0 0 0 0 0 
3 0 0 0 0 0 0 0 0 
1 0 0 0 0 0 0 0 0 
4 0 0 0 0 0 0 0 0 
6 0 0 0 0 0 0 0 0 
7 0 0 0 0 0 0 0 0 
