432 565 138 23 0 0 0 0 0 
506 339 138 22 0 0 0 0 0 
467 438 202 17 0 0 0 0 0 
482 475 171 8 0 0 0 0 0 
464 552 204 2 0 0 0 0 0 
383 563 211 18 0 0 0 0 0 
359 653 193 8 0 0 0 0 0 
381 516 151 18 0 0 0 0 0 
420 442 187 7 0 0 0 0 0 
363 392 208 8 0 0 0 0 0 
337 389 155 17 0 0 0 0 0 
348 283 150 6 0 0 0 0 0 
309 247 142 9 0 0 0 0 0 
269 245 76 3 0 0 0 0 0 
233 157 82 3 1 0 0 0 0 
220 156 64 1 0 0 0 0 0 
179 103 57 5 0 0 0 0 0 
141 126 31 0 0 0 0 0 0 
131 65 19 3 0 0 0 0 0 
98 75 16 2 0 0 0 0 0 
96 56 25 1 0 0 0 0 0 
78 58 10 0 0 0 0 0 0 
63 39 7 0 0 0 0 0 0 
55 26 4 0 0 0 0 0 0 
45 22 2 0 0 0 0 0 0 
35 12 0 0 0 0 0 0 0 
39 1 0 2 0 0 0 0 0 
32 1 0 0 0 0 0 0 0 
27 1 0 0 0 0 0 0 0 
25 0 0 0 0 0 0 0 0 
18 4 1 0 0 0 0 0 0 
15 4 0 0 0 0 0 0 0 
10 0 0 0 0 0 0 0 0 
9 0 0 0 0 0 0 0 0 
7 1 0 0 0 0 0 0 0 
8 2 0 0 0 0 0 0 0 
8 0 0 0 0 0 0 0 0 
9 0 0 0 0 0 0 0 0 
11 6 0 0 0 0 0 0 0 
14 0 0 0 0 0 0 0 0 
12 0 0 0 0 0 0 0 0 
9 0 0 0 0 0 0 0 0 
7 0 0 0 0 0 0 0 0 
18 2 0 0 0 0 0 0 0 
14 0 0 0 0 0 0 0 0 
19 0 0 0 0 0 0 0 0 
8 0 0 0 0 0 0 0 0 
10 0 0 0 0 0 0 0 0 
6 0 0 0 0 0 0 0 0 
9 0 0 0 0 0 0 0 0 
4 0 0 0 0 0 0 0 0 
8 0 0 0 0 0 0 0 0 
4 0 0 0 0 0 0 0 0 
6 1 0 0 0 0 0 0 0 
6 0 0 0 0 0 0 0 0 
2 0 0 0 0 0 0 0 0 
3 0 0 0 0 0 0 0 0 
2 0 0 0 0 0 0 0 0 
7 1 0 0 0 0 0 0 0 
5 0 0 0 0 0 0 0 0 
3 0 0 0 0 0 0 0 0 
0 0 0 0 0 0 0 0 0 
6 0 0 0 0 0 0 0 0 
4 0 0 0 0 0 0 0 0 
3 1 0 0 0 0 0 0 0 
6 0 0 0 0 0 0 0 0 
14 0 0 0 0 0 0 0 0 
9 0 0 0 0 0 0 0 0 
9 0 0 0 0 0 0 0 0 
13 0 0 0 0 0 0 0 0 
13 0 0 0 0 0 0 0 0 
9 0 0 0 0 0 0 0 0 
5 0 0 0 0 0 0 0 0 
4 0 0 0 0 0 0 0 0 
3 0 0 0 0 0 0 0 0 
2 0 0 0 0 0 0 0 0 
4 0 0 0 0 0 0 0 0 
2 0 0 0 0 0 0 0 0 
1 0 0 0 0 0 0 0 0 
5 0 0 0 0 0 0 0 0 
2 0 0 0 0 0 0 0 0 
5 0 0 0 0 0 0 0 0 
3 0 0 0 0 0 0 0 0 
4 0 0 0 0 0 0 0 0 
3 0 0 0 0 0 0 0 0 
2 0 0 0 0 0 0 0 0 
7 0 0 0 0 0 0 0 0 
8 0 0 0 0 0 0 0 0 
9 0 0 0 0 0 0 0 0 
12 0 0 0 0 0 0 0 0 
5 1 0 0 0 0 0 0 0 
6 1 0 0 0 0 0 0 0 
9 0 0 0 0 0 0 0 0 
3 0 0 0 0 0 0 0 0 
3 0 0 0 0 0 0 0 0 
2 1 0 0 0 0 0 0 0 
3 0 0 0 0 0 0 0 0 
5 1 0 0 0 0 0 0 0 
13 0 0 0 0 0 0 0 0 
3 0 0 0 0 0 0 0 0 
7 0 0 0 0 0 0 0 0 
