469 500 142 32 0 0 0 0 0 
476 459 155 18 0 0 0 0 0 
467 519 239 12 0 0 0 0 0 
426 561 203 11 0 0 0 0 0 
434 421 286 8 0 0 0 0 0 
407 484 194 32 0 0 0 0 0 
399 512 246 13 0 0 0 0 0 
350 498 237 17 0 0 0 0 0 
356 462 188 12 0 0 0 0 0 
319 423 159 11 0 0 0 0 0 
343 316 148 13 0 0 0 0 0 
324 304 125 3 0 0 0 0 0 
304 253 83 21 2 0 0 0 0 
268 241 51 11 2 0 0 0 0 
265 185 55 7 0 0 0 0 0 
229 149 30 3 0 0 0 0 0 
221 91 45 3 0 0 0 0 0 
171 104 35 6 0 0 0 0 0 
173 50 7 4 0 0 0 0 0 
167 42 15 0 0 0 0 0 0 
130 53 10 0 0 0 0 0 0 
108 47 3 0 0 0 0 0 0 
113 26 3 0 0 0 0 0 0 
95 10 4 0 0 0 0 0 0 
73 4 6 0 0 0 0 0 0 
59 7 2 0 0 0 0 0 0 
51 4 2 0 0 0 0 0 0 
32 3 0 0 0 0 0 0 0 
26 3 0 0 0 0 0 0 0 
29 4 0 0 0 0 0 0 0 
28 1 0 0 0 0 0 0 0 
22 2 0 0 0 0 0 0 0 
21 0 0 0 0 0 0 0 0 
15 10 0 0 0 0 0 0 0 
15 14 0 0 0 0 0 0 0 
16 7 0 0 0 0 0 0 0 
17 0 0 0 0 0 0 0 0 
19 0 0 0 0 0 0 0 0 
14 0 0 0 0 0 0 0 0 
9 0 0 0 0 0 0 0 0 
11 0 0 0 0 0 0 0 0 
10 0 0 0 0 0 0 0 0 
21 0 0 0 0 0 0 0 0 
8 7 1 0 0 0 0 0 0 
10 1 0 0 0 0 0 0 0 
4 0 0 0 0 0 0 0 0 
4 0 0 0 0 0 0 0 0 
12 1 0 0 0 0 0 0 0 
4 0 0 0 0 0 0 0 0 
14 0 0 0 0 0 0 0 0 
9 1 0 0 0 0 0 0 0 
9 0 0 0 0 0 0 0 0 
7 0 0 0 0 0 0 0 0 
12 0 0 0 0 0 0 0 0 
11 0 0 0 0 0 0 0 0 
8 0 0 0 0 0 0 0 0 
5 0 0 0 0 0 0 0 0 
1 0 0 0 0 0 0 0 0 
5 0 0 0 0 0 0 0 0 
4 0 0 0 0 0 0 0 0 
0 0 0 0 0 0 0 0 0 
4 0 0 0 0 0 0 0 0 
1 0 0 0 0 0 0 0 0 
1 1 0 0 0 0 0 0 0 
5 0 0 0 0 0 0 0 0 
5 0 0 0 0 0 0 0 0 
5 4 0 0 0 0 0 0 0 
10 0 0 0 0 0 0 0 0 
3 0 1 0 0 0 0 0 0 
6 0 0 0 0 0 0 0 0 
8 1 0 0 0 0 0 0 0 
13 0 0 0 0 0 0 0 0 
4 0 0 0 0 0 0 0 0 
2 0 0 0 0 0 0 0 0 
12 0 0 0 0 0 0 0 0 
7 0 0 0 0 0 0 0 0 
3 0 0 0 0 0 0 0 0 
7 0 0 0 0 0 0 0 0 
4 0 0 0 0 0 0 0 0 
5 0 0 0 0 0 0 0 0 
4 0 0 0 0 0 0 0 0 
4 0 0 0 0 0 0 0 0 
3 0 0 0 0 0 0 0 0 
6 0 0 0 0 0 0 0 0 
4 2 0 0 0 0 0 0 0 
3 0 0 0 0 0 0 0 0 
3 0 0 0 0 0 0 0 0 
7 0 0 0 0 0 0 0 0 
8 0 0 0 0 0 0 0 0 
6 0 0 0 0 0 0 0 0 
6 0 0 0 0 0 0 0 0 
1 0 0 0 0 0 0 0 0 
1 0 0 0 0 0 0 0 0 
4 0 0 0 0 0 0 0 0 
5 0 0 0 0 0 0 0 0 
3 0 0 0 0 0 0 0 0 
7 0 0 0 0 0 0 0 0 
7 0 0 0 0 0 0 0 0 
4 0 0 0 0 0 0 0 0 
4 0 0 0 0 0 0 0 0 
4 0 0 0 0 0 0 0 0 
