422 503 235 24 2 0 0 0 0 
443 573 182 28 0 0 0 0 0 
465 517 147 12 0 0 0 0 0 
435 488 201 15 0 0 0 0 0 
409 469 175 21 0 0 0 0 0 
396 467 212 8 0 0 0 0 0 
406 380 152 13 1 0 0 0 0 
391 372 196 9 0 0 0 0 0 
334 442 170 9 0 0 0 0 0 
355 399 150 5 0 0 0 0 0 
370 287 99 9 0 0 0 0 0 
356 213 88 4 0 0 0 0 0 
304 246 93 1 1 0 0 0 0 
308 174 68 1 0 0 0 0 0 
255 190 70 4 0 0 0 0 0 
219 148 78 5 0 0 0 0 0 
225 126 44 0 0 0 0 0 0 
192 87 31 3 0 0 0 0 0 
156 72 36 1 2 0 0 0 0 
129 56 31 5 3 0 0 0 0 
125 26 29 3 2 0 0 0 0 
108 21 3 1 0 0 0 0 0 
83 26 5 0 0 0 0 0 0 
65 22 6 0 0 0 0 0 0 
54 27 1 0 0 0 0 0 0 
40 11 6 0 0 0 0 0 0 
33 7 1 0 0 0 0 0 0 
32 4 2 0 0 0 0 0 0 
18 15 1 0 0 0 0 0 0 
21 3 1 0 0 0 0 0 0 
26 16 0 0 0 0 0 0 0 
28 23 0 0 0 0 0 0 0 
32 4 1 0 0 0 0 0 0 
25 1 0 0 0 0 0 0 0 
20 0 0 0 0 0 0 0 0 
18 0 0 0 0 0 0 0 0 
27 0 0 0 0 0 0 0 0 
14 0 0 0 0 0 0 0 0 
11 1 0 0 0 0 0 0 0 
9 6 0 0 0 0 0 0 0 
13 4 0 0 0 0 0 0 0 
10 0 0 0 0 0 0 0 0 
10 0 0 0 0 0 0 0 0 
18 0 0 0 0 0 0 0 0 
5 0 0 0 0 0 0 0 0 
9 0 0 0 0 0 0 0 0 
5 0 0 0 0 0 0 0 0 
9 0 0 0 0 0 0 0 0 
11 0 0 0 0 0 0 0 0 
10 2 0 0 0 0 0 0 0 
10 0 0 0 0 0 0 0 0 
8 0 0 0 0 0 0 0 0 
9 0 0 0 0 0 0 0 0 
6 1 0 0 0 0 0 0 0 
3 0 0 0 0 0 0 0 0 
5 0 0 0 0 0 0 0 0 
4 0 0 0 0 0 0 0 0 
3 0 0 0 0 0 0 0 0 
3 2 0 0 0 0 0 0 0 
7 0 0 0 0 0 0 0 0 
12 0 0 0 0 0 0 0 0 
5 0 0 0 0 0 0 0 0 
3 0 0 0 0 0 0 0 0 
5 0 0 0 0 0 0 0 0 
5 0 0 0 0 0 0 0 0 
2 0 0 0 0 0 0 0 0 
2 0 0 0 0 0 0 0 0 
6 0 0 0 0 0 0 0 0 
3 0 0 0 0 0 0 0 0 
8 0 0 0 0 0 0 0 0 
7 1 0 0 0 0 0 0 0 
0 2 0 0 0 0 0 0 0 
6 0 0 0 0 0 0 0 0 
3 0 0 0 0 0 0 0 0 
7 0 0 0 0 0 0 0 0 
5 0 0 0 0 0 0 0 0 
5 0 0 0 0 0 0 0 0 
9 0 0 0 0 0 0 0 0 
3 0 0 0 0 0 0 0 0 
3 0 0 0 0 0 0 0 0 
6 0 0 0 0 0 0 0 0 
5 0 0 0 0 0 0 0 0 
6 0 0 0 0 0 0 0 0 
3 0 0 0 0 0 0 0 0 
7 0 0 0 0 0 0 0 0 
3 0 0 0 0 0 0 0 0 
5 0 0 0 0 0 0 0 0 
5 0 0 0 0 0 0 0 0 
7 1 0 0 0 0 0 0 0 
5 0 0 0 0 0 0 0 0 
2 0 0 0 0 0 0 0 0 
1 0 0 0 0 0 0 0 0 
1 0 0 0 0 0 0 0 0 
2 0 0 0 0 0 0 0 0 
4 0 0 0 0 0 0 0 0 
2 0 0 0 0 0 0 0 0 
5 0 0 0 0 0 0 0 0 
2 0 0 0 0 0 0 0 0 
5 0 0 0 0 0 0 0 0 
4 0 0 0 0 0 0 0 0 
4 0 0 0 0 0 0 0 0 
