5 4 0 0 0 0 0 0 0 
9 0 0 0 0 0 0 0 0 
3 11 0 0 0 0 0 0 0 
6 3 0 0 0 0 0 0 0 
8 0 0 0 0 0 0 0 0 
7 0 0 0 0 0 0 0 0 
8 0 0 0 0 0 0 0 0 
2 12 1 0 0 0 0 0 0 
1 16 2 0 0 0 0 0 0 
4 6 0 0 0 0 0 0 0 
6 2 0 0 0 0 0 0 0 
5 0 0 0 0 0 0 0 0 
7 0 0 0 0 0 0 0 0 
2 10 1 0 0 0 0 0 0 
1 10 0 0 0 0 0 0 0 
1 11 1 0 0 0 0 0 0 
1 13 0 0 0 0 0 0 0 
0 4 4 0 0 0 0 0 0 
0 2 4 0 0 0 0 0 0 
8 0 0 0 0 0 0 0 0 
7 0 0 0 0 0 0 0 0 
6 0 0 0 0 0 0 0 0 
7 0 0 0 0 0 0 0 0 
7 0 0 0 0 0 0 0 0 
3 0 0 0 0 0 0 0 0 
4 0 0 0 0 0 0 0 0 
5 0 0 0 0 0 0 0 0 
5 0 0 0 0 0 0 0 0 
5 0 0 0 0 0 0 0 0 
6 0 0 0 0 0 0 0 0 
6 0 0 0 0 0 0 0 0 
4 0 0 0 0 0 0 0 0 
5 0 0 0 0 0 0 0 0 
1 0 0 0 0 0 0 0 0 
6 0 0 0 0 0 0 0 0 
5 0 0 0 0 0 0 0 0 
6 0 0 0 0 0 0 0 0 
2 0 0 0 0 0 0 0 0 
5 0 0 0 0 0 0 0 0 
6 0 0 0 0 0 0 0 0 
4 0 0 0 0 0 0 0 0 
4 0 0 0 0 0 0 0 0 
5 0 0 0 0 0 0 0 0 
4 0 0 0 0 0 0 0 0 
2 0 0 0 0 0 0 0 0 
2 0 0 0 0 0 0 0 0 
2 0 0 0 0 0 0 0 0 
2 0 0 0 0 0 0 0 0 
0 0 0 0 0 0 0 0 0 
0 0 0 0 0 0 0 0 0 
0 0 0 0 0 0 0 0 0 
0 0 0 0 0 0 0 0 0 
0 0 0 0 0 0 0 0 0 
0 0 0 0 0 0 0 0 0 
1 0 0 0 0 0 0 0 0 
0 0 0 0 0 0 0 0 0 
0 0 0 0 0 0 0 0 0 
0 0 0 0 0 0 0 0 0 
0 0 0 0 0 0 0 0 0 
0 0 0 0 0 0 0 0 0 
0 0 0 0 0 0 0 0 0 
0 0 0 0 0 0 0 0 0 
0 0 0 0 0 0 0 0 0 
0 0 0 0 0 0 0 0 0 
0 0 0 0 0 0 0 0 0 
0 0 0 0 0 0 0 0 0 
0 0 0 0 0 0 0 0 0 
0 0 0 0 0 0 0 0 0 
0 0 0 0 0 0 0 0 0 
0 0 0 0 0 0 0 0 0 
0 0 0 0 0 0 0 0 0 
0 0 0 0 0 0 0 0 0 
0 0 0 0 0 0 0 0 0 
0 0 0 0 0 0 0 0 0 
0 0 0 0 0 0 0 0 0 
0 0 0 0 0 0 0 0 0 
0 0 0 0 0 0 0 0 0 
0 0 0 0 0 0 0 0 0 
0 0 0 0 0 0 0 0 0 
0 0 0 0 0 0 0 0 0 
0 0 0 0 0 0 0 0 0 
0 0 0 0 0 0 0 0 0 
0 0 0 0 0 0 0 0 0 
0 0 0 0 0 0 0 0 0 
0 0 0 0 0 0 0 0 0 
0 0 0 0 0 0 0 0 0 
0 0 0 0 0 0 0 0 0 
0 0 0 0 0 0 0 0 0 
0 0 0 0 0 0 0 0 0 
0 0 0 0 0 0 0 0 0 
0 0 0 0 0 0 0 0 0 
0 0 0 0 0 0 0 0 0 
0 0 0 0 0 0 0 0 0 
0 0 0 0 0 0 0 0 0 
0 0 0 0 0 0 0 0 0 
0 0 0 0 0 0 0 0 0 
0 0 0 0 0 0 0 0 0 
0 0 0 0 0 0 0 0 0 
0 0 0 0 0 0 0 0 0 
0 0 0 0 0 0 0 0 0 
0 0 0 0 0 0 0 0 0 
