5 4 0 0 0 0 0 0 0 
6 2 0 0 0 0 0 0 0 
1 5 24 0 0 0 0 0 0 
1 21 0 0 0 0 0 0 0 
4 6 0 0 0 0 0 0 0 
7 1 0 0 0 0 0 0 0 
6 3 0 0 0 0 0 0 0 
4 0 0 0 0 0 0 0 0 
4 0 1 0 0 0 0 0 0 
4 0 1 1 0 0 0 0 0 
4 1 1 0 0 0 0 0 0 
9 0 0 0 0 0 0 0 0 
1 13 2 0 0 0 0 0 0 
0 23 1 0 0 0 0 0 0 
0 9 10 0 0 0 0 0 0 
2 8 0 0 0 0 0 0 0 
1 9 0 0 0 0 0 0 0 
2 7 0 1 0 0 0 0 0 
8 0 0 0 0 0 0 0 0 
1 9 3 0 0 0 0 0 0 
3 2 2 0 0 0 0 0 0 
2 5 6 0 0 0 0 0 0 
3 5 3 0 0 0 0 0 0 
2 4 3 0 0 0 0 0 0 
0 14 7 0 0 0 0 0 0 
0 17 1 0 0 0 0 0 0 
0 17 3 0 0 0 0 0 0 
0 13 1 0 0 0 0 0 0 
0 6 1 0 0 0 0 0 0 
0 7 0 0 0 0 0 0 0 
1 7 3 0 0 0 0 0 0 
1 7 3 0 0 0 0 0 0 
1 7 5 0 0 0 0 0 0 
0 3 4 0 0 0 0 0 0 
0 0 0 0 0 0 0 0 0 
0 0 0 0 0 0 0 0 0 
0 0 0 0 0 0 0 0 0 
0 0 0 0 0 0 0 0 0 
1 0 0 0 0 0 0 0 0 
0 0 0 0 0 0 0 0 0 
0 0 0 0 0 0 0 0 0 
0 0 0 0 0 0 0 0 0 
0 0 0 0 0 0 0 0 0 
0 0 0 0 0 0 0 0 0 
0 0 0 0 0 0 0 0 0 
0 0 0 0 0 0 0 0 0 
0 0 0 0 0 0 0 0 0 
0 0 0 0 0 0 0 0 0 
0 0 0 0 0 0 0 0 0 
0 0 0 0 0 0 0 0 0 
0 0 0 0 0 0 0 0 0 
0 0 0 0 0 0 0 0 0 
0 0 0 0 0 0 0 0 0 
0 0 0 0 0 0 0 0 0 
0 0 0 0 0 0 0 0 0 
0 0 0 0 0 0 0 0 0 
0 0 0 0 0 0 0 0 0 
0 0 0 0 0 0 0 0 0 
0 0 0 0 0 0 0 0 0 
0 0 0 0 0 0 0 0 0 
0 0 0 0 0 0 0 0 0 
0 0 0 0 0 0 0 0 0 
0 0 0 0 0 0 0 0 0 
0 0 0 0 0 0 0 0 0 
0 0 0 0 0 0 0 0 0 
0 0 0 0 0 0 0 0 0 
0 0 0 0 0 0 0 0 0 
0 0 0 0 0 0 0 0 0 
0 0 0 0 0 0 0 0 0 
0 0 0 0 0 0 0 0 0 
0 0 0 0 0 0 0 0 0 
0 0 0 0 0 0 0 0 0 
0 0 0 0 0 0 0 0 0 
0 0 0 0 0 0 0 0 0 
0 0 0 0 0 0 0 0 0 
0 0 0 0 0 0 0 0 0 
0 0 0 0 0 0 0 0 0 
0 0 0 0 0 0 0 0 0 
0 0 0 0 0 0 0 0 0 
0 0 0 0 0 0 0 0 0 
0 0 0 0 0 0 0 0 0 
0 0 0 0 0 0 0 0 0 
0 0 0 0 0 0 0 0 0 
1 0 0 0 0 0 0 0 0 
0 0 0 0 0 0 0 0 0 
0 0 0 0 0 0 0 0 0 
0 0 0 0 0 0 0 0 0 
0 0 0 0 0 0 0 0 0 
0 0 0 0 0 0 0 0 0 
0 0 0 0 0 0 0 0 0 
0 0 0 0 0 0 0 0 0 
0 0 0 0 0 0 0 0 0 
0 0 0 0 0 0 0 0 0 
0 0 0 0 0 0 0 0 0 
0 0 0 0 0 0 0 0 0 
0 0 0 0 0 0 0 0 0 
0 0 0 0 0 0 0 0 0 
0 0 0 0 0 0 0 0 0 
0 0 0 0 0 0 0 0 0 
1 0 0 0 0 0 0 0 0 
0 0 0 0 0 0 0 0 0 
