502 421 178 73 1 0 0 0 0 
450 495 232 48 0 0 0 0 0 
491 450 193 10 0 0 0 0 0 
407 610 193 15 0 0 0 0 0 
397 468 239 15 0 0 0 0 0 
398 591 243 13 0 0 0 0 0 
434 394 201 9 0 0 0 0 0 
388 468 193 11 0 0 0 0 0 
437 335 164 23 0 0 0 0 0 
399 302 137 15 0 0 0 0 0 
396 225 104 4 0 0 0 0 0 
356 229 69 8 1 0 0 0 0 
332 286 64 7 0 0 0 0 0 
292 240 68 5 0 0 0 0 0 
235 238 81 4 0 0 0 0 0 
240 193 64 3 0 0 0 0 0 
218 141 28 3 0 0 0 0 0 
222 117 34 5 1 0 0 0 0 
222 79 42 0 0 0 0 0 0 
188 119 31 7 0 0 0 0 0 
182 87 9 0 0 0 0 0 0 
138 79 32 1 0 0 0 0 0 
116 57 23 0 0 0 0 0 0 
106 27 16 0 0 0 0 0 0 
89 38 14 0 0 0 0 0 0 
83 31 2 0 0 0 0 0 0 
82 33 6 0 0 0 0 0 0 
66 31 3 0 0 0 0 0 0 
51 25 1 0 0 0 0 0 0 
49 24 1 0 0 0 0 0 0 
50 17 3 0 0 0 0 0 0 
41 20 4 0 0 0 0 0 0 
44 11 6 0 0 0 0 0 0 
30 3 6 0 0 0 0 0 0 
33 4 2 0 0 0 0 0 0 
19 0 0 0 0 0 0 0 0 
12 1 0 0 0 0 0 0 0 
19 0 0 0 0 0 0 0 0 
22 0 0 0 0 0 0 0 0 
26 0 0 0 0 0 0 0 0 
25 0 0 0 0 0 0 0 0 
19 0 0 0 0 0 0 0 0 
17 0 0 0 0 0 0 0 0 
17 1 0 0 0 0 0 0 0 
16 0 0 0 0 0 0 0 0 
5 0 0 0 0 0 0 0 0 
6 1 0 0 0 0 0 0 0 
3 0 0 0 0 0 0 0 0 
4 0 0 0 0 0 0 0 0 
3 0 0 0 0 0 0 0 0 
6 0 0 0 0 0 0 0 0 
6 0 0 0 0 0 0 0 0 
1 1 0 0 0 0 0 0 0 
3 0 0 0 0 0 0 0 0 
3 0 0 0 0 0 0 0 0 
6 0 0 0 0 0 0 0 0 
9 0 0 0 0 0 0 0 0 
4 0 0 0 0 0 0 0 0 
5 0 0 0 0 0 0 0 0 
3 0 0 0 0 0 0 0 0 
6 0 0 0 0 0 0 0 0 
7 0 0 0 0 0 0 0 0 
3 0 0 0 0 0 0 0 0 
5 0 0 0 0 0 0 0 0 
7 0 0 0 0 0 0 0 0 
5 0 0 0 0 0 0 0 0 
19 0 0 0 0 0 0 0 0 
2 0 0 0 0 0 0 0 0 
7 0 0 0 0 0 0 0 0 
11 0 0 0 0 0 0 0 0 
5 0 0 0 0 0 0 0 0 
9 0 0 0 0 0 0 0 0 
7 0 0 0 0 0 0 0 0 
6 0 0 0 0 0 0 0 0 
5 0 0 0 0 0 0 0 0 
7 0 0 0 0 0 0 0 0 
6 0 0 0 0 0 0 0 0 
5 0 0 0 0 0 0 0 0 
5 0 0 0 0 0 0 0 0 
5 0 0 0 0 0 0 0 0 
1 0 0 0 0 0 0 0 0 
6 1 0 0 0 0 0 0 0 
5 1 0 0 0 0 0 0 0 
3 0 0 0 0 0 0 0 0 
4 0 0 0 0 0 0 0 0 
6 0 0 0 0 0 0 0 0 
8 0 0 0 0 0 0 0 0 
11 0 0 0 0 0 0 0 0 
8 0 0 0 0 0 0 0 0 
9 0 0 0 0 0 0 0 0 
3 0 0 0 0 0 0 0 0 
6 0 0 0 0 0 0 0 0 
3 1 0 0 0 0 0 0 0 
7 0 0 0 0 0 0 0 0 
3 0 0 0 0 0 0 0 0 
4 0 0 0 0 0 0 0 0 
2 0 0 0 0 0 0 0 0 
3 0 0 0 0 0 0 0 0 
15 0 0 0 0 0 0 0 0 
14 0 0 0 0 0 0 0 0 
7 0 0 0 0 0 0 0 0 
