498 500 162 19 0 0 0 0 0 
455 515 142 16 0 0 0 0 0 
427 616 158 12 0 0 0 0 0 
402 499 255 24 1 0 0 0 0 
393 537 258 13 0 0 0 0 0 
377 573 188 6 0 0 0 0 0 
371 561 149 12 0 0 0 0 0 
402 527 132 13 0 0 0 0 0 
378 408 179 4 0 0 0 0 0 
394 350 120 6 0 0 0 0 0 
337 381 140 12 1 0 0 0 0 
322 331 87 9 4 0 0 0 0 
310 316 93 7 1 0 0 0 0 
267 293 107 6 0 0 0 0 0 
254 208 78 7 0 0 0 0 0 
249 130 37 4 0 0 0 0 0 
233 100 28 5 0 0 0 0 0 
177 102 20 0 0 0 0 0 0 
160 123 11 0 0 0 0 0 0 
136 72 22 0 0 0 0 0 0 
140 47 9 0 0 0 0 0 0 
122 42 17 0 0 0 0 0 0 
95 28 18 0 0 0 0 0 0 
77 57 23 1 0 0 0 0 0 
65 39 8 0 0 0 0 0 0 
58 18 6 2 1 0 0 0 0 
36 15 10 2 0 0 0 0 0 
36 14 6 3 0 0 0 0 0 
31 7 3 2 0 0 0 0 0 
31 3 1 0 0 0 0 0 0 
23 5 2 1 0 0 0 0 0 
21 4 3 0 0 0 0 0 0 
24 4 2 0 0 0 0 0 0 
8 11 2 1 0 0 0 0 0 
14 7 1 1 0 0 0 0 0 
12 3 0 0 0 0 0 0 0 
8 1 0 0 0 0 0 0 0 
11 0 0 0 0 0 0 0 0 
14 0 0 0 0 0 0 0 0 
11 0 0 0 0 0 0 0 0 
5 0 0 0 0 0 0 0 0 
6 0 0 0 0 0 0 0 0 
8 0 0 0 0 0 0 0 0 
6 2 0 0 0 0 0 0 0 
5 2 0 0 0 0 0 0 0 
4 2 0 0 0 0 0 0 0 
7 0 0 0 0 0 0 0 0 
6 0 0 0 0 0 0 0 0 
11 0 0 0 0 0 0 0 0 
8 0 0 0 0 0 0 0 0 
8 0 0 0 0 0 0 0 0 
14 0 0 0 0 0 0 0 0 
4 0 0 0 0 0 0 0 0 
5 0 0 0 0 0 0 0 0 
10 0 0 0 0 0 0 0 0 
4 1 0 0 0 0 0 0 0 
6 1 0 0 0 0 0 0 0 
4 0 0 0 0 0 0 0 0 
1 0 0 0 0 0 0 0 0 
9 0 0 0 0 0 0 0 0 
8 0 0 0 0 0 0 0 0 
5 0 0 0 0 0 0 0 0 
6 0 0 0 0 0 0 0 0 
1 0 0 0 0 0 0 0 0 
5 0 0 0 0 0 0 0 0 
3 0 0 0 0 0 0 0 0 
5 0 0 0 0 0 0 0 0 
9 0 0 0 0 0 0 0 0 
9 0 0 0 0 0 0 0 0 
4 0 0 0 0 0 0 0 0 
2 0 0 0 0 0 0 0 0 
4 1 0 0 0 0 0 0 0 
6 0 0 0 0 0 0 0 0 
3 1 0 0 0 0 0 0 0 
0 0 0 0 0 0 0 0 0 
5 0 0 0 0 0 0 0 0 
2 0 0 0 0 0 0 0 0 
4 0 0 0 0 0 0 0 0 
4 0 0 0 0 0 0 0 0 
2 0 0 0 0 0 0 0 0 
3 1 0 0 0 0 0 0 0 
5 1 0 0 0 0 0 0 0 
1 0 0 0 0 0 0 0 0 
2 0 0 0 0 0 0 0 0 
7 0 0 0 0 0 0 0 0 
7 0 0 0 0 0 0 0 0 
5 0 0 0 0 0 0 0 0 
5 0 0 0 0 0 0 0 0 
3 0 0 0 0 0 0 0 0 
6 0 0 0 0 0 0 0 0 
4 0 0 0 0 0 0 0 0 
2 0 0 0 0 0 0 0 0 
8 0 0 0 0 0 0 0 0 
2 0 0 0 0 0 0 0 0 
7 0 0 0 0 0 0 0 0 
8 0 0 0 0 0 0 0 0 
2 0 0 0 0 0 0 0 0 
3 0 0 0 0 0 0 0 0 
3 0 0 0 0 0 0 0 0 
8 0 0 0 0 0 0 0 0 
1 0 0 0 0 0 0 0 0 
