415 387 196 41 2 0 0 0 0 
455 430 123 19 0 0 0 0 0 
440 498 92 15 3 0 0 0 0 
387 536 162 14 0 0 0 0 0 
395 484 196 5 0 0 0 0 0 
413 493 206 7 0 0 0 0 0 
399 422 203 10 0 0 0 0 0 
355 394 217 11 0 0 0 0 0 
315 484 188 18 0 0 0 0 0 
360 366 187 11 0 0 0 0 0 
338 303 177 10 0 0 0 0 0 
318 237 157 5 1 0 0 0 0 
294 254 95 7 0 0 0 0 0 
288 193 70 1 0 0 0 0 0 
276 173 70 1 0 0 0 0 0 
247 123 53 2 0 0 0 0 0 
207 99 46 3 1 0 0 0 0 
170 99 29 7 0 0 0 0 0 
140 97 30 1 0 0 0 0 0 
141 78 11 0 0 0 0 0 0 
98 42 12 0 0 0 0 0 0 
87 35 9 0 0 0 0 0 0 
69 10 1 0 0 0 0 0 0 
46 25 3 0 0 0 0 0 0 
38 19 5 0 0 0 0 0 0 
28 19 0 0 0 0 0 0 0 
32 2 0 0 0 0 0 0 0 
20 8 0 0 0 0 0 0 0 
28 1 0 0 0 0 0 0 0 
27 4 0 0 0 0 0 0 0 
19 20 0 0 0 0 0 0 0 
18 13 0 0 0 0 0 0 0 
17 10 0 0 0 0 0 0 0 
18 15 0 0 0 0 0 0 0 
16 9 0 0 0 0 0 0 0 
19 0 0 0 0 0 0 0 0 
16 1 0 0 0 0 0 0 0 
18 0 0 0 0 0 0 0 0 
19 0 0 0 0 0 0 0 0 
11 0 0 0 0 0 0 0 0 
13 0 0 0 0 0 0 0 0 
11 0 0 0 0 0 0 0 0 
8 0 0 0 0 0 0 0 0 
7 0 0 0 0 0 0 0 0 
8 0 0 0 0 0 0 0 0 
11 0 0 0 0 0 0 0 0 
6 0 0 0 0 0 0 0 0 
7 0 0 0 0 0 0 0 0 
5 0 0 0 0 0 0 0 0 
6 0 0 0 0 0 0 0 0 
4 0 0 0 0 0 0 0 0 
7 0 0 0 0 0 0 0 0 
3 0 0 0 0 0 0 0 0 
8 0 0 0 0 0 0 0 0 
6 0 0 0 0 0 0 0 0 
7 0 0 0 0 0 0 0 0 
5 0 0 0 0 0 0 0 0 
7 0 0 0 0 0 0 0 0 
11 1 0 0 0 0 0 0 0 
4 0 0 0 0 0 0 0 0 
1 0 0 0 0 0 0 0 0 
4 0 0 0 0 0 0 0 0 
2 0 0 0 0 0 0 0 0 
4 0 0 0 0 0 0 0 0 
2 0 0 0 0 0 0 0 0 
3 0 0 0 0 0 0 0 0 
6 0 0 0 0 0 0 0 0 
2 0 0 0 0 0 0 0 0 
3 0 0 0 0 0 0 0 0 
3 0 0 0 0 0 0 0 0 
7 0 0 0 0 0 0 0 0 
3 0 0 0 0 0 0 0 0 
4 0 0 0 0 0 0 0 0 
4 0 0 0 0 0 0 0 0 
0 0 0 0 0 0 0 0 0 
2 0 0 0 0 0 0 0 0 
4 1 0 0 0 0 0 0 0 
4 0 0 0 0 0 0 0 0 
4 0 0 0 0 0 0 0 0 
7 0 0 0 0 0 0 0 0 
4 0 0 0 0 0 0 0 0 
4 0 0 0 0 0 0 0 0 
4 0 0 0 0 0 0 0 0 
4 0 0 0 0 0 0 0 0 
6 1 0 0 0 0 0 0 0 
9 0 0 0 0 0 0 0 0 
8 0 0 0 0 0 0 0 0 
7 0 0 0 0 0 0 0 0 
2 0 0 0 0 0 0 0 0 
1 0 0 0 0 0 0 0 0 
12 0 0 0 0 0 0 0 0 
1 0 0 0 0 0 0 0 0 
5 0 0 0 0 0 0 0 0 
6 0 0 0 0 0 0 0 0 
4 0 0 0 0 0 0 0 0 
4 0 0 0 0 0 0 0 0 
5 0 0 0 0 0 0 0 0 
3 0 0 0 0 0 0 0 0 
5 0 0 0 0 0 0 0 0 
4 0 0 0 0 0 0 0 0 
3 0 0 0 0 0 0 0 0 
