419 558 196 43 0 0 0 0 0 
393 610 187 24 0 0 0 0 0 
430 455 246 13 0 0 0 0 0 
392 634 180 9 0 0 0 0 0 
391 497 207 3 0 0 0 0 0 
406 535 199 12 0 0 0 0 0 
403 451 173 11 0 0 0 0 0 
399 391 172 7 0 0 0 0 0 
384 410 188 14 0 0 0 0 0 
395 314 154 7 0 0 0 0 0 
338 308 172 12 0 0 0 0 0 
300 302 98 24 0 0 0 0 0 
302 261 121 14 0 0 0 0 0 
265 283 72 8 0 0 0 0 0 
235 172 50 4 0 0 0 0 0 
218 123 48 8 0 0 0 0 0 
179 101 47 2 0 0 0 0 0 
144 96 12 0 0 0 0 0 0 
125 54 17 1 0 0 0 0 0 
133 36 12 0 0 0 0 0 0 
100 36 4 0 0 0 0 0 0 
98 31 9 0 0 0 0 0 0 
82 27 13 2 0 0 0 0 0 
82 11 10 0 0 0 0 0 0 
70 32 10 0 0 0 0 0 0 
62 20 4 0 0 0 0 0 0 
64 9 0 0 0 0 0 0 0 
44 2 0 0 0 0 0 0 0 
36 10 0 0 0 0 0 0 0 
25 12 0 0 0 0 0 0 0 
26 2 0 0 0 0 0 0 0 
17 0 0 0 0 0 0 0 0 
13 2 0 0 0 0 0 0 0 
11 0 0 0 0 0 0 0 0 
13 1 0 0 0 0 0 0 0 
12 2 0 0 0 0 0 0 0 
12 0 0 0 0 0 0 0 0 
16 0 0 0 0 0 0 0 0 
7 1 0 0 0 0 0 0 0 
3 0 0 0 0 0 0 0 0 
5 0 0 0 0 0 0 0 0 
10 0 0 0 0 0 0 0 0 
11 0 0 0 0 0 0 0 0 
8 0 0 0 0 0 0 0 0 
10 0 0 0 0 0 0 0 0 
8 0 0 0 0 0 0 0 0 
9 0 0 0 0 0 0 0 0 
7 0 0 0 0 0 0 0 0 
8 0 0 0 0 0 0 0 0 
6 0 0 0 0 0 0 0 0 
6 0 0 0 0 0 0 0 0 
6 0 0 0 0 0 0 0 0 
7 0 0 0 0 0 0 0 0 
8 0 0 0 0 0 0 0 0 
7 0 0 0 0 0 0 0 0 
10 0 0 0 0 0 0 0 0 
7 0 0 0 0 0 0 0 0 
5 0 0 0 0 0 0 0 0 
8 0 0 0 0 0 0 0 0 
4 0 0 0 0 0 0 0 0 
4 0 0 0 0 0 0 0 0 
8 0 0 0 0 0 0 0 0 
5 0 0 0 0 0 0 0 0 
3 0 0 0 0 0 0 0 0 
3 0 0 0 0 0 0 0 0 
1 0 0 0 0 0 0 0 0 
1 0 0 0 0 0 0 0 0 
9 0 0 0 0 0 0 0 0 
10 0 0 0 0 0 0 0 0 
4 0 0 0 0 0 0 0 0 
6 0 0 0 0 0 0 0 0 
8 0 0 0 0 0 0 0 0 
3 0 0 0 0 0 0 0 0 
6 0 0 0 0 0 0 0 0 
4 0 0 0 0 0 0 0 0 
7 0 0 0 0 0 0 0 0 
7 0 0 0 0 0 0 0 0 
5 0 0 0 0 0 0 0 0 
1 0 0 0 0 0 0 0 0 
2 0 0 0 0 0 0 0 0 
3 0 0 0 0 0 0 0 0 
6 0 0 0 0 0 0 0 0 
3 0 0 0 0 0 0 0 0 
3 0 0 0 0 0 0 0 0 
7 0 0 0 0 0 0 0 0 
9 0 0 0 0 0 0 0 0 
7 0 0 0 0 0 0 0 0 
9 0 0 0 0 0 0 0 0 
5 0 0 0 0 0 0 0 0 
3 0 0 0 0 0 0 0 0 
2 0 0 0 0 0 0 0 0 
3 0 0 0 0 0 0 0 0 
8 0 0 0 0 0 0 0 0 
4 0 0 0 0 0 0 0 0 
7 0 0 0 0 0 0 0 0 
2 0 0 0 0 0 0 0 0 
6 0 0 0 0 0 0 0 0 
8 0 0 0 0 0 0 0 0 
8 0 0 0 0 0 0 0 0 
8 1 0 0 0 0 0 0 0 
8 0 0 0 0 0 0 0 0 
