443 323 246 59 1 0 0 0 0 
424 440 183 50 0 0 0 0 0 
377 623 257 19 0 0 0 0 0 
409 611 192 5 0 0 0 0 0 
384 557 174 27 0 0 0 0 0 
394 453 167 13 0 0 0 0 0 
366 464 150 7 0 0 0 0 0 
384 356 228 7 0 0 0 0 0 
393 327 128 8 0 0 0 0 0 
420 288 158 6 0 0 0 0 0 
398 278 95 7 0 0 0 0 0 
386 247 84 10 0 0 0 0 0 
350 235 104 5 0 0 0 0 0 
305 274 53 8 0 0 0 0 0 
309 194 105 4 1 0 0 0 0 
283 173 22 1 0 0 0 0 0 
249 120 46 3 0 0 0 0 0 
242 81 40 1 0 0 0 0 0 
219 77 15 2 0 0 0 0 0 
216 64 49 3 0 0 0 0 0 
177 56 21 0 0 0 0 0 0 
144 40 21 0 0 0 0 0 0 
71 15 26 0 0 0 0 0 0 
53 14 3 1 0 0 0 0 0 
53 10 1 0 0 0 0 0 0 
42 9 0 0 0 0 0 0 0 
24 14 4 0 0 0 0 0 0 
26 5 0 0 0 0 0 0 0 
33 0 3 0 0 0 0 0 0 
34 0 0 0 0 0 0 0 0 
25 7 0 0 0 0 0 0 0 
29 0 0 0 0 0 0 0 0 
23 11 0 0 0 0 0 0 0 
22 9 0 0 0 0 0 0 0 
27 0 0 0 0 0 0 0 0 
8 4 0 0 0 0 0 0 0 
3 0 0 0 0 0 0 0 0 
12 0 0 0 0 0 0 0 0 
14 0 0 0 0 0 0 0 0 
11 0 0 0 0 0 0 0 0 
9 0 0 0 0 0 0 0 0 
6 0 0 0 0 0 0 0 0 
13 0 0 0 0 0 0 0 0 
12 0 0 0 0 0 0 0 0 
6 0 0 0 0 0 0 0 0 
1 0 0 0 0 0 0 0 0 
2 0 0 0 0 0 0 0 0 
4 1 0 0 0 0 0 0 0 
5 0 0 0 0 0 0 0 0 
8 0 0 0 0 0 0 0 0 
6 0 0 0 0 0 0 0 0 
7 1 0 0 0 0 0 0 0 
10 0 0 0 0 0 0 0 0 
6 0 0 0 0 0 0 0 0 
9 0 0 0 0 0 0 0 0 
8 0 0 0 0 0 0 0 0 
3 0 0 0 0 0 0 0 0 
4 0 0 0 0 0 0 0 0 
1 0 0 0 0 0 0 0 0 
4 0 0 0 0 0 0 0 0 
3 1 0 0 0 0 0 0 0 
3 0 0 0 0 0 0 0 0 
11 1 0 0 0 0 0 0 0 
3 0 0 0 0 0 0 0 0 
5 0 0 0 0 0 0 0 0 
3 0 0 0 0 0 0 0 0 
3 0 0 0 0 0 0 0 0 
4 0 0 0 0 0 0 0 0 
5 0 0 0 0 0 0 0 0 
7 0 0 0 0 0 0 0 0 
7 0 0 0 0 0 0 0 0 
7 1 0 0 0 0 0 0 0 
4 0 0 0 0 0 0 0 0 
1 0 0 0 0 0 0 0 0 
2 0 0 0 0 0 0 0 0 
3 0 0 0 0 0 0 0 0 
4 0 0 0 0 0 0 0 0 
3 0 0 0 0 0 0 0 0 
8 0 0 0 0 0 0 0 0 
3 0 0 0 0 0 0 0 0 
2 0 0 0 0 0 0 0 0 
1 0 0 0 0 0 0 0 0 
6 0 0 0 0 0 0 0 0 
8 0 0 0 0 0 0 0 0 
4 0 0 0 0 0 0 0 0 
8 0 0 0 0 0 0 0 0 
6 0 0 0 0 0 0 0 0 
5 1 0 0 0 0 0 0 0 
3 0 0 0 0 0 0 0 0 
5 0 0 0 0 0 0 0 0 
2 0 0 0 0 0 0 0 0 
2 0 0 0 0 0 0 0 0 
4 0 0 0 0 0 0 0 0 
3 0 0 0 0 0 0 0 0 
9 0 0 0 0 0 0 0 0 
4 0 0 0 0 0 0 0 0 
8 0 0 0 0 0 0 0 0 
6 0 0 0 0 0 0 0 0 
5 0 0 0 0 0 0 0 0 
0 0 0 0 0 0 0 0 0 
2 0 0 0 0 0 0 0 0 
