426 553 201 33 0 0 0 0 0 
490 506 180 15 0 0 0 0 0 
425 532 262 19 0 0 0 0 0 
381 655 264 16 1 0 0 0 0 
431 542 202 7 0 0 0 0 0 
418 486 274 13 0 0 0 0 0 
400 539 189 6 0 0 0 0 0 
374 473 238 2 0 0 0 0 0 
370 363 205 17 1 0 0 0 0 
342 408 162 12 1 0 0 0 0 
314 370 153 14 1 0 0 0 0 
318 318 129 11 4 1 0 0 0 
274 277 112 7 0 0 0 0 0 
253 194 87 6 0 0 0 0 0 
258 125 58 12 0 0 0 0 0 
234 155 58 3 0 0 0 0 0 
213 128 48 4 0 0 0 0 0 
181 112 23 0 1 0 0 0 0 
155 83 13 3 0 0 0 0 0 
151 63 19 0 0 0 0 0 0 
137 51 4 0 0 0 0 0 0 
119 36 1 0 0 0 0 0 0 
109 14 3 0 0 0 0 0 0 
108 13 0 0 0 0 0 0 0 
76 25 3 0 0 0 0 0 0 
60 10 0 0 0 0 0 0 0 
39 6 0 0 0 0 0 0 0 
32 3 9 0 0 0 0 0 0 
38 5 2 0 0 0 0 0 0 
39 2 0 0 0 0 0 0 0 
36 0 0 0 0 0 0 0 0 
26 2 0 0 0 0 0 0 0 
23 4 1 0 0 0 0 0 0 
17 0 0 0 0 0 0 0 0 
24 0 0 0 0 0 0 0 0 
22 0 0 0 0 0 0 0 0 
11 0 0 0 0 0 0 0 0 
15 1 0 0 0 0 0 0 0 
14 0 0 0 0 0 0 0 0 
13 0 0 0 0 0 0 0 0 
12 0 0 0 0 0 0 0 0 
15 0 0 0 0 0 0 0 0 
14 0 0 0 0 0 0 0 0 
15 0 0 0 0 0 0 0 0 
19 0 0 0 0 0 0 0 0 
14 0 0 0 0 0 0 0 0 
18 0 0 0 0 0 0 0 0 
15 0 0 0 0 0 0 0 0 
14 0 0 0 0 0 0 0 0 
11 0 0 0 0 0 0 0 0 
11 1 0 0 0 0 0 0 0 
8 0 0 0 0 0 0 0 0 
13 0 0 0 0 0 0 0 0 
8 0 0 0 0 0 0 0 0 
2 0 0 0 0 0 0 0 0 
4 0 0 0 0 0 0 0 0 
3 0 0 0 0 0 0 0 0 
3 0 0 0 0 0 0 0 0 
7 0 0 0 0 0 0 0 0 
6 1 0 0 0 0 0 0 0 
12 0 0 0 0 0 0 0 0 
11 0 0 0 0 0 0 0 0 
10 0 0 0 0 0 0 0 0 
10 0 0 0 0 0 0 0 0 
5 0 0 0 0 0 0 0 0 
6 1 0 0 0 0 0 0 0 
3 0 0 0 0 0 0 0 0 
12 0 0 0 0 0 0 0 0 
8 0 0 0 0 0 0 0 0 
3 0 0 0 0 0 0 0 0 
9 0 0 0 0 0 0 0 0 
4 0 0 0 0 0 0 0 0 
2 0 0 0 0 0 0 0 0 
5 0 0 0 0 0 0 0 0 
3 0 0 0 0 0 0 0 0 
3 0 0 0 0 0 0 0 0 
7 0 0 0 0 0 0 0 0 
3 0 0 0 0 0 0 0 0 
4 0 0 0 0 0 0 0 0 
1 0 0 0 0 0 0 0 0 
8 0 0 0 0 0 0 0 0 
2 0 0 0 0 0 0 0 0 
6 0 0 0 0 0 0 0 0 
10 0 0 0 0 0 0 0 0 
8 0 0 0 0 0 0 0 0 
14 0 0 0 0 0 0 0 0 
7 0 0 0 0 0 0 0 0 
10 0 0 0 0 0 0 0 0 
8 0 0 0 0 0 0 0 0 
11 0 0 0 0 0 0 0 0 
11 0 0 0 0 0 0 0 0 
9 0 0 0 0 0 0 0 0 
14 0 0 0 0 0 0 0 0 
12 0 0 0 0 0 0 0 0 
12 0 0 0 0 0 0 0 0 
9 0 0 0 0 0 0 0 0 
13 0 0 0 0 0 0 0 0 
11 2 0 0 0 0 0 0 0 
12 0 0 0 0 0 0 0 0 
14 0 0 0 0 0 0 0 0 
13 0 0 0 0 0 0 0 0 
