514 451 229 24 0 0 0 0 0 
440 480 264 35 2 0 0 0 0 
423 474 262 18 1 0 0 0 0 
418 434 285 13 0 0 0 0 0 
444 390 137 3 0 0 0 0 0 
402 425 225 14 3 0 0 0 0 
423 462 150 27 0 0 0 0 0 
414 439 166 26 0 0 0 0 0 
387 351 132 12 0 0 0 0 0 
338 346 97 14 0 0 0 0 0 
329 349 114 4 0 0 0 0 0 
305 346 90 9 0 0 0 0 0 
313 255 67 5 0 0 0 0 0 
254 332 70 3 0 0 0 0 0 
235 218 50 2 0 0 0 0 0 
234 211 29 0 0 0 0 0 0 
203 160 37 5 0 0 0 0 0 
196 133 17 0 0 0 0 0 0 
159 112 23 0 0 0 0 0 0 
146 66 19 1 0 0 0 0 0 
130 52 5 1 0 0 0 0 0 
113 33 1 0 0 0 0 0 0 
112 25 1 0 0 0 0 0 0 
84 42 4 0 0 0 0 0 0 
80 32 3 0 0 0 0 0 0 
72 10 3 0 0 0 0 0 0 
73 5 4 0 0 0 0 0 0 
50 16 0 0 0 0 0 0 0 
41 18 1 0 0 0 0 0 0 
22 17 4 0 0 0 0 0 0 
33 16 0 0 0 0 0 0 0 
25 4 0 0 0 0 0 0 0 
31 0 0 0 0 0 0 0 0 
33 0 1 0 0 0 0 0 0 
29 0 0 0 0 0 0 0 0 
30 0 0 0 0 0 0 0 0 
21 0 0 0 0 0 0 0 0 
26 0 0 0 0 0 0 0 0 
26 0 0 0 0 0 0 0 0 
16 0 0 0 0 0 0 0 0 
23 1 0 0 0 0 0 0 0 
21 1 0 0 0 0 0 0 0 
16 0 0 0 0 0 0 0 0 
16 0 0 0 0 0 0 0 0 
14 0 0 0 0 0 0 0 0 
16 0 0 0 0 0 0 0 0 
16 0 1 0 0 0 0 0 0 
6 0 0 0 0 0 0 0 0 
9 0 0 0 0 0 0 0 0 
11 0 0 0 0 0 0 0 0 
9 0 0 0 0 0 0 0 0 
3 0 0 0 0 0 0 0 0 
3 0 0 0 0 0 0 0 0 
6 0 0 0 0 0 0 0 0 
5 1 0 0 0 0 0 0 0 
5 0 0 0 0 0 0 0 0 
1 0 0 0 0 0 0 0 0 
4 0 0 0 0 0 0 0 0 
3 0 0 0 0 0 0 0 0 
5 0 0 0 0 0 0 0 0 
7 0 0 0 0 0 0 0 0 
9 0 0 0 0 0 0 0 0 
7 1 0 0 0 0 0 0 0 
4 0 0 0 0 0 0 0 0 
4 0 0 0 0 0 0 0 0 
2 0 0 0 0 0 0 0 0 
2 0 0 0 0 0 0 0 0 
5 0 0 0 0 0 0 0 0 
4 1 0 0 0 0 0 0 0 
2 1 0 0 0 0 0 0 0 
3 0 0 0 0 0 0 0 0 
7 0 0 0 0 0 0 0 0 
7 0 0 0 0 0 0 0 0 
3 0 0 0 0 0 0 0 0 
0 0 0 0 0 0 0 0 0 
3 0 0 0 0 0 0 0 0 
0 0 0 0 0 0 0 0 0 
4 0 0 0 0 0 0 0 0 
4 0 0 0 0 0 0 0 0 
5 0 0 0 0 0 0 0 0 
3 0 0 0 0 0 0 0 0 
1 0 0 0 0 0 0 0 0 
5 0 0 0 0 0 0 0 0 
3 0 0 0 0 0 0 0 0 
9 0 0 0 0 0 0 0 0 
4 0 0 0 0 0 0 0 0 
4 0 0 0 0 0 0 0 0 
5 0 0 0 0 0 0 0 0 
2 0 0 0 0 0 0 0 0 
4 0 0 0 0 0 0 0 0 
5 1 0 0 0 0 0 0 0 
3 0 0 0 0 0 0 0 0 
1 0 0 0 0 0 0 0 0 
5 0 0 0 0 0 0 0 0 
14 0 0 0 0 0 0 0 0 
16 0 0 0 0 0 0 0 0 
9 0 0 0 0 0 0 0 0 
16 0 0 0 0 0 0 0 0 
14 0 0 0 0 0 0 0 0 
7 0 0 0 0 0 0 0 0 
6 0 0 0 0 0 0 0 0 
