494 472 200 23 4 0 0 0 0 
421 631 177 5 0 0 0 0 0 
434 580 235 8 0 0 0 0 0 
410 629 182 7 0 0 0 0 0 
443 459 201 12 1 0 0 0 0 
406 439 245 6 0 0 0 0 0 
431 384 217 4 0 0 0 0 0 
367 510 230 13 0 0 0 0 0 
380 489 259 6 0 0 0 0 0 
336 455 229 5 0 0 0 0 0 
377 311 135 25 0 0 0 0 0 
323 367 135 11 1 0 0 0 0 
342 283 98 5 0 0 0 0 0 
309 231 80 10 0 0 0 0 0 
264 228 85 14 1 0 0 0 0 
257 135 50 11 0 0 0 0 0 
225 92 38 7 0 0 0 0 0 
200 85 36 1 0 0 0 0 0 
190 64 27 0 0 0 0 0 0 
154 71 15 0 0 0 0 0 0 
131 68 11 0 0 0 0 0 0 
156 34 7 0 0 0 0 0 0 
130 18 4 0 0 0 0 0 0 
99 7 9 0 0 0 0 0 0 
89 14 1 0 0 0 0 0 0 
82 13 3 0 0 0 0 0 0 
71 5 7 0 0 0 0 0 0 
43 11 1 0 0 0 0 0 0 
49 6 0 0 0 0 0 0 0 
47 8 1 0 0 0 0 0 0 
39 16 0 0 0 0 0 0 0 
33 17 1 0 0 0 0 0 0 
31 8 6 0 0 0 0 0 0 
36 5 2 0 0 0 0 0 0 
25 8 1 0 0 0 0 0 0 
23 9 0 0 0 0 0 0 0 
22 7 1 0 0 0 0 0 0 
22 8 0 0 0 0 0 0 0 
16 4 1 0 0 0 0 0 0 
17 3 10 1 0 0 0 0 0 
10 0 0 0 0 0 0 0 0 
14 0 0 0 0 0 0 0 0 
12 0 0 0 0 0 0 0 0 
7 1 0 0 0 0 0 0 0 
11 0 0 0 0 0 0 0 0 
13 1 0 0 0 0 0 0 0 
16 0 0 0 0 0 0 0 0 
10 0 0 0 0 0 0 0 0 
14 0 0 0 0 0 0 0 0 
17 0 0 0 0 0 0 0 0 
11 0 0 0 0 0 0 0 0 
10 0 0 0 0 0 0 0 0 
6 0 0 0 0 0 0 0 0 
7 0 0 0 0 0 0 0 0 
11 1 0 0 0 0 0 0 0 
6 0 0 0 0 0 0 0 0 
9 0 0 0 0 0 0 0 0 
6 0 0 0 0 0 0 0 0 
10 0 0 0 0 0 0 0 0 
12 0 0 0 0 0 0 0 0 
4 0 0 0 0 0 0 0 0 
2 0 0 0 0 0 0 0 0 
4 0 0 0 0 0 0 0 0 
5 0 0 0 0 0 0 0 0 
6 0 0 0 0 0 0 0 0 
5 0 0 0 0 0 0 0 0 
5 0 0 0 0 0 0 0 0 
5 0 0 0 0 0 0 0 0 
5 0 0 0 0 0 0 0 0 
2 1 0 0 0 0 0 0 0 
6 0 0 0 0 0 0 0 0 
4 0 0 0 0 0 0 0 0 
10 0 0 0 0 0 0 0 0 
4 0 0 0 0 0 0 0 0 
10 1 0 0 0 0 0 0 0 
9 0 0 0 0 0 0 0 0 
13 0 0 0 0 0 0 0 0 
1 0 0 0 0 0 0 0 0 
3 0 0 0 0 0 0 0 0 
1 0 0 0 0 0 0 0 0 
2 1 0 0 0 0 0 0 0 
2 0 0 0 0 0 0 0 0 
5 0 0 0 0 0 0 0 0 
3 0 0 0 0 0 0 0 0 
1 0 0 0 0 0 0 0 0 
10 0 0 0 0 0 0 0 0 
8 0 0 0 0 0 0 0 0 
7 0 0 0 0 0 0 0 0 
7 0 0 0 0 0 0 0 0 
10 0 0 0 0 0 0 0 0 
5 0 0 0 0 0 0 0 0 
10 0 0 0 0 0 0 0 0 
4 0 0 0 0 0 0 0 0 
6 0 0 0 0 0 0 0 0 
4 0 0 0 0 0 0 0 0 
6 0 0 0 0 0 0 0 0 
4 0 0 0 0 0 0 0 0 
4 0 0 0 0 0 0 0 0 
4 1 0 0 0 0 0 0 0 
11 0 0 0 0 0 0 0 0 
1 0 0 0 0 0 0 0 0 
