421 519 292 42 0 0 0 0 0 
474 568 133 5 0 0 0 0 0 
433 630 197 7 0 0 0 0 0 
405 620 178 2 0 0 0 0 0 
440 538 224 7 0 0 0 0 0 
407 549 181 7 0 0 0 0 0 
404 524 239 8 0 0 0 0 0 
391 507 165 6 1 0 0 0 0 
356 514 171 6 0 0 0 0 0 
365 469 142 3 1 0 0 0 0 
377 278 184 36 2 0 0 0 0 
301 373 146 17 2 0 0 0 0 
311 290 99 10 4 3 0 0 0 
298 206 101 13 1 0 0 0 0 
293 183 80 5 0 0 0 0 0 
271 155 31 1 0 0 0 0 0 
240 118 34 1 0 0 0 0 0 
201 99 49 6 0 0 0 0 0 
178 106 37 6 0 0 0 0 0 
154 72 27 3 0 0 0 0 0 
137 97 14 0 0 0 0 0 0 
128 62 9 1 0 0 0 0 0 
115 53 22 0 0 0 0 0 0 
116 27 14 1 0 0 0 0 0 
90 31 10 0 0 0 0 0 0 
82 18 17 0 0 0 0 0 0 
73 10 6 0 0 0 0 0 0 
56 7 2 0 0 0 0 0 0 
53 11 1 0 0 0 0 0 0 
42 9 1 0 0 0 0 0 0 
24 12 0 0 0 0 0 0 0 
25 1 0 0 0 0 0 0 0 
18 2 0 0 0 0 0 0 0 
23 2 0 0 0 0 0 0 0 
19 1 3 0 0 0 0 0 0 
11 0 0 0 0 0 0 0 0 
12 1 0 0 0 0 0 0 0 
4 0 0 0 0 0 0 0 0 
6 0 0 0 0 0 0 0 0 
10 0 0 0 0 0 0 0 0 
7 0 0 0 0 0 0 0 0 
7 0 0 0 0 0 0 0 0 
11 0 0 0 0 0 0 0 0 
5 0 0 0 0 0 0 0 0 
7 0 0 0 0 0 0 0 0 
5 0 0 0 0 0 0 0 0 
3 0 0 0 0 0 0 0 0 
9 0 0 0 0 0 0 0 0 
5 0 0 0 0 0 0 0 0 
7 0 0 0 0 0 0 0 0 
8 0 0 0 0 0 0 0 0 
10 0 0 0 0 0 0 0 0 
3 0 0 0 0 0 0 0 0 
7 1 0 0 0 0 0 0 0 
3 0 0 0 0 0 0 0 0 
3 0 0 0 0 0 0 0 0 
3 0 0 0 0 0 0 0 0 
4 0 0 0 0 0 0 0 0 
0 0 0 0 0 0 0 0 0 
6 0 0 0 0 0 0 0 0 
6 1 0 0 0 0 0 0 0 
4 0 0 0 0 0 0 0 0 
4 0 0 0 0 0 0 0 0 
4 0 0 0 0 0 0 0 0 
1 0 0 0 0 0 0 0 0 
2 0 0 0 0 0 0 0 0 
1 0 0 0 0 0 0 0 0 
5 0 0 0 0 0 0 0 0 
2 0 0 0 0 0 0 0 0 
6 1 0 0 0 0 0 0 0 
6 0 0 0 0 0 0 0 0 
1 0 0 0 0 0 0 0 0 
3 0 0 0 0 0 0 0 0 
3 0 0 0 0 0 0 0 0 
7 0 0 0 0 0 0 0 0 
0 0 0 0 0 0 0 0 0 
2 0 0 0 0 0 0 0 0 
10 0 0 0 0 0 0 0 0 
14 0 0 0 0 0 0 0 0 
8 0 0 0 0 0 0 0 0 
7 0 0 0 0 0 0 0 0 
9 1 0 0 0 0 0 0 0 
13 0 0 0 0 0 0 0 0 
4 1 0 0 0 0 0 0 0 
5 1 0 0 0 0 0 0 0 
6 0 0 0 0 0 0 0 0 
3 0 0 0 0 0 0 0 0 
2 0 0 0 0 0 0 0 0 
4 0 0 0 0 0 0 0 0 
12 0 0 0 0 0 0 0 0 
5 0 0 0 0 0 0 0 0 
4 0 0 0 0 0 0 0 0 
4 0 0 0 0 0 0 0 0 
3 0 0 0 0 0 0 0 0 
3 0 0 0 0 0 0 0 0 
2 0 0 0 0 0 0 0 0 
6 0 0 0 0 0 0 0 0 
4 0 0 0 0 0 0 0 0 
0 0 0 0 0 0 0 0 0 
1 0 0 0 0 0 0 0 0 
0 0 0 0 0 0 0 0 0 
