414 707 247 35 0 0 0 0 0 
452 621 126 5 0 0 0 0 0 
439 540 180 15 0 0 0 0 0 
453 463 205 17 0 0 0 0 0 
386 513 256 17 0 0 0 0 0 
465 314 143 9 0 0 0 0 0 
439 379 175 8 0 0 0 0 0 
425 404 173 10 0 0 0 0 0 
390 465 147 14 0 0 0 0 0 
359 425 171 9 0 0 0 0 0 
332 426 139 6 0 0 0 0 0 
322 287 165 15 0 0 0 0 0 
293 299 102 9 0 0 0 0 0 
275 332 92 13 0 0 0 0 0 
251 350 88 3 0 0 0 0 0 
229 218 70 3 1 0 0 0 0 
187 195 64 5 0 0 0 0 0 
173 132 96 19 1 0 0 0 0 
150 98 60 7 0 0 0 0 0 
116 98 61 3 0 0 0 0 0 
85 89 14 3 0 0 0 0 0 
88 51 23 1 0 0 0 0 0 
67 52 16 2 0 0 0 0 0 
56 41 30 0 0 0 0 0 0 
51 23 17 1 0 0 0 0 0 
61 29 5 0 0 0 0 0 0 
50 32 7 0 0 0 0 0 0 
34 9 8 0 0 0 0 0 0 
33 17 0 0 0 0 0 0 0 
39 15 0 0 0 0 0 0 0 
24 11 0 0 0 0 0 0 0 
21 0 0 0 0 0 0 0 0 
16 2 0 0 0 0 0 0 0 
10 1 0 0 0 0 0 0 0 
14 0 0 0 0 0 0 0 0 
10 0 0 0 0 0 0 0 0 
7 0 0 0 0 0 0 0 0 
14 0 0 0 0 0 0 0 0 
8 0 0 0 0 0 0 0 0 
5 0 0 0 0 0 0 0 0 
5 0 0 0 0 0 0 0 0 
7 0 0 0 0 0 0 0 0 
7 0 0 0 0 0 0 0 0 
5 0 0 0 0 0 0 0 0 
0 0 0 0 0 0 0 0 0 
7 0 0 0 0 0 0 0 0 
6 0 0 0 0 0 0 0 0 
3 0 0 0 0 0 0 0 0 
6 0 0 0 0 0 0 0 0 
8 0 0 0 0 0 0 0 0 
3 0 0 0 0 0 0 0 0 
7 0 0 0 0 0 0 0 0 
9 0 0 0 0 0 0 0 0 
10 0 0 0 0 0 0 0 0 
12 0 0 0 0 0 0 0 0 
7 0 0 0 0 0 0 0 0 
19 0 0 0 0 0 0 0 0 
9 0 0 0 0 0 0 0 0 
10 0 0 0 0 0 0 0 0 
7 0 0 0 0 0 0 0 0 
12 0 0 0 0 0 0 0 0 
13 0 0 0 0 0 0 0 0 
9 0 0 0 0 0 0 0 0 
9 0 0 0 0 0 0 0 0 
10 0 0 0 0 0 0 0 0 
10 0 0 0 0 0 0 0 0 
13 0 0 0 0 0 0 0 0 
12 0 0 0 0 0 0 0 0 
9 0 0 0 0 0 0 0 0 
10 0 0 0 0 0 0 0 0 
9 0 0 0 0 0 0 0 0 
12 0 0 0 0 0 0 0 0 
7 0 0 0 0 0 0 0 0 
14 0 0 0 0 0 0 0 0 
11 0 0 0 0 0 0 0 0 
14 0 0 0 0 0 0 0 0 
12 0 0 0 0 0 0 0 0 
17 0 0 0 0 0 0 0 0 
12 0 0 0 0 0 0 0 0 
9 0 0 0 0 0 0 0 0 
8 0 0 0 0 0 0 0 0 
6 0 0 0 0 0 0 0 0 
7 0 0 0 0 0 0 0 0 
3 0 0 0 0 0 0 0 0 
6 1 0 0 0 0 0 0 0 
9 0 0 0 0 0 0 0 0 
4 0 0 0 0 0 0 0 0 
5 0 0 0 0 0 0 0 0 
6 0 0 0 0 0 0 0 0 
2 0 0 0 0 0 0 0 0 
5 0 0 0 0 0 0 0 0 
8 0 0 0 0 0 0 0 0 
10 1 0 0 0 0 0 0 0 
3 0 0 0 0 0 0 0 0 
5 0 0 0 0 0 0 0 0 
3 0 0 0 0 0 0 0 0 
9 0 0 0 0 0 0 0 0 
1 0 0 0 0 0 0 0 0 
7 0 0 0 0 0 0 0 0 
6 0 0 0 0 0 0 0 0 
8 0 0 0 0 0 0 0 0 
