505 461 166 32 0 0 0 0 0 
442 613 260 28 0 0 0 0 0 
441 483 240 28 2 0 0 0 0 
458 483 171 7 0 0 0 0 0 
406 510 297 16 0 0 0 0 0 
421 535 217 8 0 0 0 0 0 
378 564 192 21 0 0 0 0 0 
371 535 197 10 0 0 0 0 0 
356 509 171 8 0 0 0 0 0 
324 474 169 13 0 0 0 0 0 
340 342 156 9 0 0 0 0 0 
316 249 149 9 0 0 0 0 0 
292 272 137 7 0 0 0 0 0 
284 166 60 5 2 0 0 0 0 
272 141 29 5 1 0 0 0 0 
233 128 46 1 0 0 0 0 0 
189 86 121 5 0 0 0 0 0 
156 73 70 17 1 0 0 0 0 
132 57 32 4 0 0 0 0 0 
99 52 16 6 0 0 0 0 0 
82 36 26 3 0 0 0 0 0 
66 28 11 1 0 0 0 0 0 
62 51 2 0 0 0 0 0 0 
61 18 12 1 0 0 0 0 0 
83 30 5 0 0 0 0 0 0 
58 9 2 0 0 0 0 0 0 
35 4 0 0 0 0 0 0 0 
29 1 0 0 0 0 0 0 0 
22 0 1 0 0 0 0 0 0 
20 0 0 0 0 0 0 0 0 
17 5 0 0 0 0 0 0 0 
20 1 1 0 0 0 0 0 0 
15 0 0 0 0 0 0 0 0 
19 2 0 0 0 0 0 0 0 
7 0 0 0 0 0 0 0 0 
7 0 0 0 0 0 0 0 0 
5 0 0 0 0 0 0 0 0 
3 0 0 0 0 0 0 0 0 
8 1 0 0 0 0 0 0 0 
6 0 0 0 0 0 0 0 0 
4 0 0 0 0 0 0 0 0 
1 0 0 0 0 0 0 0 0 
7 0 0 0 0 0 0 0 0 
7 0 0 0 0 0 0 0 0 
4 0 0 0 0 0 0 0 0 
2 0 0 0 0 0 0 0 0 
4 0 0 0 0 0 0 0 0 
1 0 0 0 0 0 0 0 0 
6 0 0 0 0 0 0 0 0 
7 0 0 0 0 0 0 0 0 
3 0 0 0 0 0 0 0 0 
1 0 0 0 0 0 0 0 0 
9 0 0 0 0 0 0 0 0 
6 0 0 0 0 0 0 0 0 
5 0 0 0 0 0 0 0 0 
1 0 0 0 0 0 0 0 0 
3 0 0 0 0 0 0 0 0 
5 0 0 0 0 0 0 0 0 
1 0 0 0 0 0 0 0 0 
5 0 0 0 0 0 0 0 0 
4 0 0 0 0 0 0 0 0 
10 0 0 0 0 0 0 0 0 
11 0 0 0 0 0 0 0 0 
7 0 0 0 0 0 0 0 0 
13 0 0 0 0 0 0 0 0 
9 0 0 0 0 0 0 0 0 
8 0 0 0 0 0 0 0 0 
10 0 0 0 0 0 0 0 0 
5 0 0 0 0 0 0 0 0 
6 0 0 0 0 0 0 0 0 
12 0 0 0 0 0 0 0 0 
8 0 0 0 0 0 0 0 0 
18 0 0 0 0 0 0 0 0 
14 0 0 0 0 0 0 0 0 
6 0 0 0 0 0 0 0 0 
3 0 0 0 0 0 0 0 0 
5 0 0 0 0 0 0 0 0 
2 0 0 0 0 0 0 0 0 
5 0 0 0 0 0 0 0 0 
3 0 0 0 0 0 0 0 0 
9 0 0 0 0 0 0 0 0 
5 0 0 0 0 0 0 0 0 
5 0 0 0 0 0 0 0 0 
9 0 0 0 0 0 0 0 0 
18 0 0 0 0 0 0 0 0 
9 0 0 0 0 0 0 0 0 
8 0 0 0 0 0 0 0 0 
14 1 0 0 0 0 0 0 0 
16 1 0 0 0 0 0 0 0 
16 0 0 0 0 0 0 0 0 
6 0 0 0 0 0 0 0 0 
14 0 0 0 0 0 0 0 0 
4 0 0 0 0 0 0 0 0 
3 0 0 0 0 0 0 0 0 
7 0 0 0 0 0 0 0 0 
10 0 0 0 0 0 0 0 0 
13 0 0 0 0 0 0 0 0 
6 0 0 0 0 0 0 0 0 
7 0 0 0 0 0 0 0 0 
7 2 0 0 0 0 0 0 0 
1 0 0 0 0 0 0 0 0 
