493 414 209 45 0 0 0 0 0 
456 453 204 24 1 0 0 0 0 
425 534 240 10 0 0 0 0 0 
437 477 231 7 0 0 0 0 0 
445 432 282 2 0 0 0 0 0 
420 507 229 14 0 0 0 0 0 
378 491 242 7 0 0 0 0 0 
415 447 172 7 0 0 0 0 0 
370 349 201 16 2 0 0 0 0 
359 376 129 12 0 0 0 0 0 
395 270 116 13 1 0 0 0 0 
314 308 93 11 1 0 0 0 0 
296 260 88 5 0 0 0 0 0 
258 210 118 4 0 0 0 0 0 
245 183 56 6 0 0 0 0 0 
221 181 54 2 0 0 0 0 0 
212 89 33 3 1 0 0 0 0 
191 79 19 0 0 0 0 0 0 
165 77 11 0 0 0 0 0 0 
128 65 23 1 0 0 0 0 0 
107 51 6 0 0 0 0 0 0 
119 42 22 0 0 0 0 0 0 
91 41 27 1 0 0 0 0 0 
87 39 12 0 0 0 0 0 0 
75 15 4 0 0 0 0 0 0 
58 21 5 0 0 0 0 0 0 
43 11 12 0 0 0 0 0 0 
43 21 5 0 0 0 0 0 0 
36 8 3 0 0 0 0 0 0 
43 6 1 0 0 0 0 0 0 
29 6 1 0 0 0 0 0 0 
23 7 0 0 0 0 0 0 0 
18 15 6 0 0 0 0 0 0 
14 1 4 2 0 0 0 0 0 
5 8 2 1 0 0 0 0 0 
8 0 0 0 0 0 0 0 0 
3 0 0 0 0 0 0 0 0 
14 0 0 0 0 0 0 0 0 
11 0 0 0 0 0 0 0 0 
9 0 0 0 0 0 0 0 0 
13 0 0 0 0 0 0 0 0 
7 1 0 0 0 0 0 0 0 
4 0 0 0 0 0 0 0 0 
4 0 0 0 0 0 0 0 0 
9 0 0 0 0 0 0 0 0 
4 0 0 0 0 0 0 0 0 
7 3 0 0 0 0 0 0 0 
4 0 0 0 0 0 0 0 0 
9 0 0 0 0 0 0 0 0 
11 0 0 0 0 0 0 0 0 
4 0 0 0 0 0 0 0 0 
8 0 0 0 0 0 0 0 0 
16 2 0 0 0 0 0 0 0 
6 0 0 0 0 0 0 0 0 
11 0 0 0 0 0 0 0 0 
17 0 0 0 0 0 0 0 0 
14 0 0 0 0 0 0 0 0 
13 0 0 0 0 0 0 0 0 
19 0 0 0 0 0 0 0 0 
11 0 0 0 0 0 0 0 0 
12 0 0 0 0 0 0 0 0 
5 0 0 0 0 0 0 0 0 
5 0 0 0 0 0 0 0 0 
4 0 0 0 0 0 0 0 0 
6 0 0 0 0 0 0 0 0 
5 0 0 0 0 0 0 0 0 
8 0 0 0 0 0 0 0 0 
2 0 0 0 0 0 0 0 0 
2 0 0 0 0 0 0 0 0 
5 0 0 0 0 0 0 0 0 
2 0 0 0 0 0 0 0 0 
5 0 0 0 0 0 0 0 0 
9 0 0 0 0 0 0 0 0 
5 1 0 0 0 0 0 0 0 
1 0 0 0 0 0 0 0 0 
1 0 0 0 0 0 0 0 0 
2 1 0 0 0 0 0 0 0 
11 0 0 0 0 0 0 0 0 
3 1 0 0 0 0 0 0 0 
3 0 0 0 0 0 0 0 0 
7 0 0 0 0 0 0 0 0 
4 0 0 0 0 0 0 0 0 
5 0 0 0 0 0 0 0 0 
6 0 0 0 0 0 0 0 0 
0 0 0 0 0 0 0 0 0 
7 0 0 0 0 0 0 0 0 
6 0 0 0 0 0 0 0 0 
10 0 0 0 0 0 0 0 0 
8 0 0 0 0 0 0 0 0 
6 0 0 0 0 0 0 0 0 
2 0 0 0 0 0 0 0 0 
4 0 0 0 0 0 0 0 0 
6 0 0 0 0 0 0 0 0 
3 0 0 0 0 0 0 0 0 
5 0 0 0 0 0 0 0 0 
1 0 0 0 0 0 0 0 0 
3 0 0 0 0 0 0 0 0 
5 0 0 0 0 0 0 0 0 
2 0 0 0 0 0 0 0 0 
4 0 0 0 0 0 0 0 0 
7 1 0 0 0 0 0 0 0 
