447 473 128 32 0 0 0 0 0 
465 419 226 20 0 0 0 0 0 
472 499 151 12 0 0 0 0 0 
427 508 218 30 1 0 0 0 0 
423 513 156 5 0 0 0 0 0 
385 478 221 16 2 0 0 0 0 
431 424 178 6 0 0 0 0 0 
389 544 136 3 0 0 0 0 0 
400 442 200 2 0 0 0 0 0 
358 371 192 10 0 0 0 0 0 
365 342 134 7 0 0 0 0 0 
349 292 173 5 0 0 0 0 0 
291 213 165 10 0 0 0 0 0 
278 263 85 5 0 0 0 0 0 
264 158 59 3 0 0 0 0 0 
274 115 44 2 0 0 0 0 0 
233 115 32 1 0 0 0 0 0 
195 109 37 1 0 0 0 0 0 
180 89 29 0 0 0 0 0 0 
169 81 5 0 0 0 0 0 0 
144 47 13 0 0 0 0 0 0 
135 36 1 0 0 0 0 0 0 
120 24 2 0 2 0 0 0 0 
103 13 2 0 0 0 0 0 0 
92 17 4 0 0 0 0 0 0 
66 18 0 0 0 0 0 0 0 
68 13 0 1 0 0 0 0 0 
34 18 1 0 0 0 0 0 0 
35 13 3 0 0 0 0 0 0 
21 7 1 0 0 0 0 0 0 
20 3 0 0 0 0 0 0 0 
17 3 0 0 0 0 0 0 0 
12 0 0 0 0 0 0 0 0 
11 0 0 0 0 0 0 0 0 
12 0 0 0 0 0 0 0 0 
16 0 0 0 0 0 0 0 0 
8 0 0 0 0 0 0 0 0 
9 0 0 0 0 0 0 0 0 
9 0 0 0 0 0 0 0 0 
5 0 0 0 0 0 0 0 0 
6 0 0 0 0 0 0 0 0 
8 0 0 0 0 0 0 0 0 
11 0 0 0 0 0 0 0 0 
8 0 0 0 0 0 0 0 0 
9 0 0 0 0 0 0 0 0 
11 0 0 0 0 0 0 0 0 
8 0 0 0 0 0 0 0 0 
4 0 0 0 0 0 0 0 0 
1 0 0 0 0 0 0 0 0 
2 0 0 0 0 0 0 0 0 
3 1 0 0 0 0 0 0 0 
4 0 0 0 0 0 0 0 0 
3 0 0 0 0 0 0 0 0 
9 0 0 0 0 0 0 0 0 
7 0 0 0 0 0 0 0 0 
5 0 0 0 0 0 0 0 0 
4 0 0 0 0 0 0 0 0 
13 0 0 0 0 0 0 0 0 
12 0 0 0 0 0 0 0 0 
6 0 0 0 0 0 0 0 0 
2 1 0 0 0 0 0 0 0 
2 0 0 0 0 0 0 0 0 
5 1 0 0 0 0 0 0 0 
3 0 0 0 0 0 0 0 0 
5 0 0 0 0 0 0 0 0 
2 0 0 0 0 0 0 0 0 
5 0 0 0 0 0 0 0 0 
2 0 0 0 0 0 0 0 0 
4 0 0 0 0 0 0 0 0 
4 0 0 0 0 0 0 0 0 
4 0 0 0 0 0 0 0 0 
5 0 0 0 0 0 0 0 0 
12 0 0 0 0 0 0 0 0 
13 0 0 0 0 0 0 0 0 
10 0 0 0 0 0 0 0 0 
3 0 0 0 0 0 0 0 0 
6 0 0 0 0 0 0 0 0 
1 0 0 0 0 0 0 0 0 
5 0 0 0 0 0 0 0 0 
7 0 0 0 0 0 0 0 0 
12 0 0 0 0 0 0 0 0 
6 0 0 0 0 0 0 0 0 
4 0 0 0 0 0 0 0 0 
7 0 0 0 0 0 0 0 0 
6 0 0 0 0 0 0 0 0 
7 0 0 0 0 0 0 0 0 
3 1 0 0 0 0 0 0 0 
5 0 0 0 0 0 0 0 0 
2 0 0 0 0 0 0 0 0 
3 0 0 0 0 0 0 0 0 
6 0 0 0 0 0 0 0 0 
7 0 0 0 0 0 0 0 0 
1 1 0 0 0 0 0 0 0 
8 0 0 0 0 0 0 0 0 
7 0 0 0 0 0 0 0 0 
7 0 0 0 0 0 0 0 0 
7 0 0 0 0 0 0 0 0 
1 0 0 0 0 0 0 0 0 
5 0 0 0 0 0 0 0 0 
2 0 0 0 0 0 0 0 0 
9 0 0 0 0 0 0 0 0 
