444 454 187 35 3 0 0 0 0 
493 426 157 13 0 0 0 0 0 
456 439 201 28 1 0 0 0 0 
430 462 234 15 0 0 0 0 0 
403 491 251 10 0 0 0 0 0 
404 475 233 24 1 0 0 0 0 
380 499 204 7 0 0 0 0 0 
372 474 176 13 0 0 0 0 0 
403 422 144 12 0 0 0 0 0 
364 358 160 12 0 0 0 0 0 
336 398 100 5 0 0 0 0 0 
303 349 103 6 1 0 0 0 0 
300 266 129 3 0 0 0 0 0 
297 230 75 7 0 0 0 0 0 
247 224 62 3 0 0 0 0 0 
240 125 56 2 0 0 0 0 0 
232 89 46 5 1 0 0 0 0 
199 80 35 1 5 0 0 0 0 
181 85 27 1 0 0 0 0 0 
163 81 27 3 0 0 0 0 0 
150 63 13 2 0 0 0 0 0 
115 66 10 0 0 0 0 0 0 
82 63 7 4 0 0 0 0 0 
70 59 12 4 0 0 0 0 0 
61 54 6 0 0 0 0 0 0 
52 44 15 0 0 0 0 0 0 
45 36 17 0 0 0 0 0 0 
31 23 9 3 0 0 0 0 0 
41 15 12 3 0 0 0 0 0 
42 16 5 1 0 0 0 0 0 
29 31 2 0 0 0 0 0 0 
27 13 6 0 0 0 0 0 0 
20 19 1 0 0 0 0 0 0 
11 12 0 0 0 0 0 0 0 
18 0 0 0 0 0 0 0 0 
23 0 0 0 0 0 0 0 0 
15 5 0 0 0 0 0 0 0 
16 0 0 0 0 0 0 0 0 
6 5 0 0 0 0 0 0 0 
8 5 1 0 0 0 0 0 0 
5 4 0 0 0 0 0 0 0 
8 1 0 0 0 0 0 0 0 
5 1 0 0 0 0 0 0 0 
9 3 0 0 0 0 0 0 0 
0 3 0 0 0 0 0 0 0 
3 0 0 0 0 0 0 0 0 
2 0 0 0 0 0 0 0 0 
11 0 0 0 0 0 0 0 0 
4 0 0 0 0 0 0 0 0 
4 0 0 0 0 0 0 0 0 
5 0 0 0 0 0 0 0 0 
6 0 0 0 0 0 0 0 0 
8 0 0 0 0 0 0 0 0 
5 1 0 0 0 0 0 0 0 
5 0 0 0 0 0 0 0 0 
5 0 0 0 0 0 0 0 0 
5 0 0 0 0 0 0 0 0 
1 0 0 0 0 0 0 0 0 
1 0 0 0 0 0 0 0 0 
7 0 0 0 0 0 0 0 0 
2 0 0 0 0 0 0 0 0 
12 0 0 0 0 0 0 0 0 
14 0 0 0 0 0 0 0 0 
11 0 0 0 0 0 0 0 0 
13 0 0 0 0 0 0 0 0 
6 0 0 0 0 0 0 0 0 
2 0 0 0 0 0 0 0 0 
3 0 0 0 0 0 0 0 0 
3 0 0 0 0 0 0 0 0 
3 0 0 0 0 0 0 0 0 
8 0 0 0 0 0 0 0 0 
4 0 0 0 0 0 0 0 0 
7 0 0 0 0 0 0 0 0 
2 0 0 0 0 0 0 0 0 
7 1 0 0 0 0 0 0 0 
1 0 0 0 0 0 0 0 0 
10 0 0 0 0 0 0 0 0 
9 0 0 0 0 0 0 0 0 
9 0 0 0 0 0 0 0 0 
8 1 0 0 0 0 0 0 0 
7 0 0 0 0 0 0 0 0 
7 0 0 0 0 0 0 0 0 
1 0 0 0 0 0 0 0 0 
3 0 0 0 0 0 0 0 0 
4 0 0 0 0 0 0 0 0 
4 0 0 0 0 0 0 0 0 
6 0 0 0 0 0 0 0 0 
2 0 0 0 0 0 0 0 0 
1 0 0 0 0 0 0 0 0 
5 1 0 0 0 0 0 0 0 
8 0 0 0 0 0 0 0 0 
6 2 0 0 0 0 0 0 0 
5 0 0 0 0 0 0 0 0 
6 0 0 0 0 0 0 0 0 
5 0 0 0 0 0 0 0 0 
3 0 0 0 0 0 0 0 0 
3 0 0 0 0 0 0 0 0 
3 0 0 0 0 0 0 0 0 
5 0 0 0 0 0 0 0 0 
8 0 0 0 0 0 0 0 0 
5 0 0 0 0 0 0 0 0 
