405 566 163 66 1 0 0 0 0 
422 611 196 14 0 0 0 0 0 
440 475 188 31 1 0 0 0 0 
489 319 122 13 0 0 0 0 0 
467 426 153 21 0 0 0 0 0 
423 458 166 12 0 0 0 0 0 
449 392 144 12 0 0 0 0 0 
415 451 126 6 1 0 0 0 0 
439 472 91 4 0 0 0 0 0 
423 380 139 8 0 0 0 0 0 
400 392 118 14 0 0 0 0 0 
401 305 124 2 0 0 0 0 0 
390 231 128 5 0 0 0 0 0 
337 235 110 6 0 0 0 0 0 
315 218 42 4 0 0 0 0 0 
314 157 60 7 0 0 0 0 0 
266 107 34 3 0 0 0 0 0 
257 86 27 3 0 0 0 0 0 
231 108 16 0 0 0 0 0 0 
187 68 16 0 1 0 0 0 0 
178 75 6 1 1 0 0 0 0 
149 67 11 0 0 0 0 0 0 
122 57 9 0 0 0 0 0 0 
106 48 9 0 0 0 0 0 0 
91 32 1 0 0 0 0 0 0 
90 21 10 0 0 0 0 0 0 
91 10 0 0 0 0 0 0 0 
64 10 0 0 0 0 0 0 0 
67 6 1 0 0 0 0 0 0 
60 3 4 0 0 0 0 0 0 
59 1 0 0 0 0 0 0 0 
63 2 0 0 0 0 0 0 0 
47 5 0 0 0 0 0 0 0 
25 9 10 0 0 0 0 0 0 
28 2 2 0 0 0 0 0 0 
18 2 8 0 0 0 0 0 0 
16 1 0 0 0 0 0 0 0 
24 2 0 0 0 0 0 0 0 
21 0 0 0 0 0 0 0 0 
21 0 1 0 0 0 0 0 0 
19 0 0 0 0 0 0 0 0 
13 0 0 0 0 0 0 0 0 
16 0 0 0 0 0 0 0 0 
19 0 0 0 0 0 0 0 0 
16 0 0 0 0 0 0 0 0 
3 0 0 0 0 0 0 0 0 
5 3 0 0 0 0 0 0 0 
6 0 0 0 0 0 0 0 0 
9 0 0 0 0 0 0 0 0 
6 0 0 0 0 0 0 0 0 
9 1 0 0 0 0 0 0 0 
9 0 0 0 0 0 0 0 0 
6 0 0 0 0 0 0 0 0 
5 0 0 0 0 0 0 0 0 
8 0 0 0 0 0 0 0 0 
7 1 0 0 0 0 0 0 0 
7 0 0 0 0 0 0 0 0 
6 0 0 0 0 0 0 0 0 
7 0 0 0 0 0 0 0 0 
4 0 0 0 0 0 0 0 0 
7 1 0 0 0 0 0 0 0 
3 0 0 0 0 0 0 0 0 
4 0 0 0 0 0 0 0 0 
6 0 0 0 0 0 0 0 0 
2 0 0 0 0 0 0 0 0 
4 0 0 0 0 0 0 0 0 
3 0 0 0 0 0 0 0 0 
7 1 0 0 0 0 0 0 0 
10 0 0 0 0 0 0 0 0 
2 0 0 0 0 0 0 0 0 
9 1 0 0 0 0 0 0 0 
4 0 0 0 0 0 0 0 0 
4 0 0 0 0 0 0 0 0 
5 0 0 0 0 0 0 0 0 
3 0 0 0 0 0 0 0 0 
3 0 0 0 0 0 0 0 0 
7 0 0 0 0 0 0 0 0 
6 0 0 0 0 0 0 0 0 
4 0 0 0 0 0 0 0 0 
4 0 0 0 0 0 0 0 0 
7 0 0 0 0 0 0 0 0 
9 0 0 0 0 0 0 0 0 
12 0 0 0 0 0 0 0 0 
7 0 0 0 0 0 0 0 0 
10 0 0 0 0 0 0 0 0 
1 0 0 0 0 0 0 0 0 
4 0 0 0 0 0 0 0 0 
5 0 0 0 0 0 0 0 0 
4 0 0 0 0 0 0 0 0 
6 0 0 0 0 0 0 0 0 
9 0 0 0 0 0 0 0 0 
4 0 0 0 0 0 0 0 0 
5 0 0 0 0 0 0 0 0 
7 0 0 0 0 0 0 0 0 
14 0 0 0 0 0 0 0 0 
11 0 0 0 0 0 0 0 0 
11 0 0 0 0 0 0 0 0 
4 1 0 0 0 0 0 0 0 
5 0 0 0 0 0 0 0 0 
7 0 0 0 0 0 0 0 0 
3 0 0 0 0 0 0 0 0 
