   Sample_1  Sample_2  Sample_3  ...  Sample_8  Sample_9  Sample_10
0     45047     89972    135234  ...    361975    407043     452081
1     74803    150010    224007  ...    595599    670913     745839
2     23773     46642     70236  ...    186019    208759     232459
3       386       761      1213  ...      3554      3923       4374
4         0         0         0  ...         0         0          0
5         0         0         0  ...         0         0          0
6         0         0         0  ...         0         0          0
7         0         0         0  ...         0         0          0
8         0         0         0  ...         0         0          0

[9 rows x 10 columns]
