415 661 208 60 1 0 0 0 0 
434 620 218 15 0 0 0 0 0 
436 516 209 15 0 0 0 0 0 
430 473 218 15 0 0 0 0 0 
417 528 192 21 0 0 0 0 0 
363 500 266 19 0 0 0 0 0 
345 515 212 15 0 0 0 0 0 
385 440 198 9 0 0 0 0 0 
369 429 181 9 0 0 0 0 0 
346 503 142 2 0 0 0 0 0 
350 355 123 6 0 0 0 0 0 
346 312 112 7 1 0 0 0 0 
324 300 81 5 0 0 0 0 0 
302 258 80 8 0 0 0 0 0 
279 189 63 3 0 0 0 0 0 
254 131 53 2 0 0 0 0 0 
219 136 53 1 0 0 0 0 0 
199 126 38 1 0 0 0 0 0 
168 82 22 1 0 0 0 0 0 
164 66 14 1 0 0 0 0 0 
156 45 14 0 0 0 0 0 0 
138 46 0 1 0 0 0 0 0 
97 47 4 0 0 0 0 0 0 
114 39 6 0 0 0 0 0 0 
85 10 18 2 0 0 0 0 0 
75 7 0 0 0 0 0 0 0 
46 14 6 0 0 0 0 0 0 
33 14 6 0 0 0 0 0 0 
38 10 2 0 0 0 0 0 0 
25 2 0 0 0 0 0 0 0 
25 4 2 0 0 0 0 0 0 
22 2 1 0 0 0 0 0 0 
13 0 0 0 0 0 0 0 0 
21 1 0 0 0 0 0 0 0 
27 1 0 0 0 0 0 0 0 
17 0 0 0 0 0 0 0 0 
21 0 0 0 0 0 0 0 0 
15 0 0 0 0 0 0 0 0 
9 0 0 0 0 0 0 0 0 
11 0 0 0 0 0 0 0 0 
15 0 0 0 0 0 0 0 0 
12 0 0 0 0 0 0 0 0 
13 0 0 0 0 0 0 0 0 
5 0 0 0 0 0 0 0 0 
6 0 0 0 0 0 0 0 0 
3 1 0 0 0 0 0 0 0 
7 0 0 0 0 0 0 0 0 
1 0 0 0 0 0 0 0 0 
8 0 0 0 0 0 0 0 0 
5 0 0 0 0 0 0 0 0 
4 0 0 0 0 0 0 0 0 
6 0 0 0 0 0 0 0 0 
17 0 0 0 0 0 0 0 0 
5 1 0 0 0 0 0 0 0 
8 0 0 0 0 0 0 0 0 
5 1 0 0 0 0 0 0 0 
5 0 0 0 0 0 0 0 0 
2 0 0 0 0 0 0 0 0 
6 0 0 0 0 0 0 0 0 
7 0 0 0 0 0 0 0 0 
6 0 0 0 0 0 0 0 0 
5 0 0 0 0 0 0 0 0 
10 0 0 0 0 0 0 0 0 
1 0 0 0 0 0 0 0 0 
1 0 0 0 0 0 0 0 0 
5 0 0 0 0 0 0 0 0 
7 0 0 0 0 0 0 0 0 
4 1 0 0 0 0 0 0 0 
3 0 0 0 0 0 0 0 0 
5 0 0 0 0 0 0 0 0 
6 0 0 0 0 0 0 0 0 
3 0 0 0 0 0 0 0 0 
11 1 0 0 0 0 0 0 0 
11 0 0 0 0 0 0 0 0 
5 0 0 0 0 0 0 0 0 
7 0 0 0 0 0 0 0 0 
5 0 0 0 0 0 0 0 0 
2 0 0 0 0 0 0 0 0 
2 1 0 0 0 0 0 0 0 
2 0 0 0 0 0 0 0 0 
1 0 0 0 0 0 0 0 0 
3 0 0 0 0 0 0 0 0 
2 0 0 0 0 0 0 0 0 
5 0 0 0 0 0 0 0 0 
2 0 0 0 0 0 0 0 0 
4 0 0 0 0 0 0 0 0 
7 0 0 0 0 0 0 0 0 
6 0 0 0 0 0 0 0 0 
2 0 0 0 0 0 0 0 0 
3 0 0 0 0 0 0 0 0 
4 0 0 0 0 0 0 0 0 
9 0 0 0 0 0 0 0 0 
4 0 0 0 0 0 0 0 0 
9 0 0 0 0 0 0 0 0 
10 0 0 0 0 0 0 0 0 
5 0 0 0 0 0 0 0 0 
7 0 0 0 0 0 0 0 0 
6 0 0 0 0 0 0 0 0 
5 0 0 0 0 0 0 0 0 
7 0 0 0 0 0 0 0 0 
4 0 0 0 0 0 0 0 0 
