430 498 181 57 4 0 0 0 0 
405 537 181 30 0 0 0 0 0 
377 523 186 24 0 0 0 0 0 
402 492 201 5 0 0 0 0 0 
355 611 279 5 0 0 0 0 0 
366 497 203 6 0 0 0 0 0 
385 600 134 3 0 0 0 0 0 
366 479 179 6 1 0 0 0 0 
338 454 179 13 0 0 0 0 0 
298 371 211 12 0 0 0 0 0 
290 367 96 15 1 0 0 0 0 
272 302 120 11 0 0 0 0 0 
269 262 85 12 0 0 0 0 0 
273 207 94 12 0 0 0 0 0 
239 194 85 4 0 0 0 0 0 
209 130 46 2 0 0 0 0 0 
195 89 47 0 0 0 0 0 0 
164 119 35 0 0 0 0 0 0 
152 74 20 0 0 0 0 0 0 
135 52 6 0 0 0 0 0 0 
122 63 4 0 0 0 0 0 0 
109 57 7 1 0 0 0 0 0 
81 29 2 0 0 0 0 0 0 
82 25 5 0 0 0 0 0 0 
45 31 4 0 0 0 0 0 0 
39 12 1 0 0 0 0 0 0 
24 4 0 2 0 0 0 0 0 
25 3 0 0 0 0 0 0 0 
19 3 0 0 0 0 0 0 0 
9 2 2 0 0 0 0 0 0 
10 1 0 0 0 0 0 0 0 
16 0 0 0 0 0 0 0 0 
12 0 0 0 0 0 0 0 0 
10 0 0 0 0 0 0 0 0 
17 0 0 0 0 0 0 0 0 
13 0 0 0 0 0 0 0 0 
9 1 0 0 0 0 0 0 0 
7 0 0 0 0 0 0 0 0 
7 0 0 0 0 0 0 0 0 
10 0 0 0 0 0 0 0 0 
8 0 0 0 0 0 0 0 0 
7 0 0 0 0 0 0 0 0 
11 0 0 0 0 0 0 0 0 
6 0 0 0 0 0 0 0 0 
9 0 0 0 0 0 0 0 0 
10 0 0 0 0 0 0 0 0 
9 0 0 0 0 0 0 0 0 
17 0 0 0 0 0 0 0 0 
12 0 0 0 0 0 0 0 0 
7 0 0 0 0 0 0 0 0 
9 0 0 0 0 0 0 0 0 
7 0 0 0 0 0 0 0 0 
9 0 0 0 0 0 0 0 0 
8 0 0 0 0 0 0 0 0 
9 0 0 0 0 0 0 0 0 
10 1 0 0 0 0 0 0 0 
13 0 0 0 0 0 0 0 0 
12 0 0 0 0 0 0 0 0 
8 0 0 0 0 0 0 0 0 
13 0 0 0 0 0 0 0 0 
5 0 0 0 0 0 0 0 0 
8 0 0 0 0 0 0 0 0 
5 0 0 0 0 0 0 0 0 
4 0 0 0 0 0 0 0 0 
6 0 0 0 0 0 0 0 0 
8 0 0 0 0 0 0 0 0 
6 0 0 0 0 0 0 0 0 
3 0 0 0 0 0 0 0 0 
4 0 0 0 0 0 0 0 0 
2 0 0 0 0 0 0 0 0 
6 0 0 0 0 0 0 0 0 
5 0 0 0 0 0 0 0 0 
3 0 0 0 0 0 0 0 0 
2 0 0 0 0 0 0 0 0 
8 0 0 0 0 0 0 0 0 
2 0 0 0 0 0 0 0 0 
1 0 0 0 0 0 0 0 0 
3 0 0 0 0 0 0 0 0 
5 0 0 0 0 0 0 0 0 
2 0 0 0 0 0 0 0 0 
5 0 0 0 0 0 0 0 0 
3 0 0 0 0 0 0 0 0 
7 0 0 0 0 0 0 0 0 
1 0 0 0 0 0 0 0 0 
3 0 0 0 0 0 0 0 0 
2 0 0 0 0 0 0 0 0 
6 0 0 0 0 0 0 0 0 
3 0 0 0 0 0 0 0 0 
4 1 0 0 0 0 0 0 0 
3 1 0 0 0 0 0 0 0 
5 0 0 0 0 0 0 0 0 
3 1 0 0 0 0 0 0 0 
4 0 0 0 0 0 0 0 0 
5 0 0 0 0 0 0 0 0 
5 0 0 0 0 0 0 0 0 
4 1 0 0 0 0 0 0 0 
8 0 0 0 0 0 0 0 0 
1 0 0 0 0 0 0 0 0 
6 0 0 0 0 0 0 0 0 
5 0 0 0 0 0 0 0 0 
3 0 0 0 0 0 0 0 0 
